923 500 964 507 842 498 1054 540 807 483 1082 529 923 621 939 622 892 676 934 676 901 750 934 755 
921 499 980 509 855 493 1040 531 807 480 1082 528 916 611 949 617 890 676 943 692 893 748 946 766 
922 496 984 509 860 490 1035 527 809 477 1082 525 916 606 952 612 890 676 944 693 893 747 945 766 
922 493 986 509 862 487 1035 525 811 473 1083 523 916 605 953 612 890 675 947 692 894 740 945 769 
922 491 987 509 862 486 1036 522 815 471 1083 521 916 604 955 611 890 675 947 692 894 739 945 770 
922 491 989 509 864 485 1038 522 816 468 1086 520 917 604 955 611 890 675 947 694 897 740 946 770 
923 491 990 508 866 484 1038 521 818 467 1088 519 917 602 955 609 890 675 947 693 897 740 945 770 
923 491 991 508 868 485 1041 522 820 468 1090 519 918 602 956 609 890 675 949 693 897 741 946 770 
924 491 991 508 870 485 1041 522 822 468 1090 518 918 603 956 609 890 676 951 692 897 741 947 770 
925 491 991 508 871 485 1041 521 824 468 1090 516 919 603 956 609 890 676 952 692 898 745 947 770 
926 492 991 508 871 485 1041 521 824 469 1090 515 920 603 957 609 890 678 953 692 898 749 948 770 
927 492 991 508 874 487 1042 520 826 471 1090 515 921 603 957 610 890 680 952 692 897 753 948 770 
928 492 992 508 874 488 1042 521 826 472 1089 515 921 604 957 610 890 682 952 693 894 757 949 770 
928 493 992 508 876 490 1042 521 827 475 1089 515 921 604 957 610 890 683 952 693 891 760 949 771 
928 494 991 509 876 492 1041 521 828 477 1089 515 921 605 957 611 890 685 952 695 889 762 950 773 
928 495 991 509 875 492 1041 521 827 477 1089 515 921 606 957 611 890 686 952 695 886 763 950 774 
928 495 991 509 875 493 1040 521 827 478 1088 515 921 606 957 611 889 687 952 695 884 765 950 775 
928 495 991 509 875 494 1040 521 827 479 1087 516 921 606 956 612 889 689 952 695 881 769 950 775 
928 496 991 509 876 494 1039 521 827 480 1086 517 921 607 956 612 888 692 951 695 880 772 950 776 
927 496 989 509 875 494 1038 521 827 480 1086 518 920 607 955 612 887 693 950 695 880 772 950 776 
926 496 986 509 875 495 1036 522 827 481 1085 520 919 607 954 612 886 694 949 695 879 775 950 776 
922 497 983 509 872 494 1035 522 826 481 1083 522 917 607 952 612 886 695 947 695 879 777 950 776 
921 497 981 509 870 494 1034 523 824 481 1082 524 916 607 951 612 886 695 945 695 878 777 950 776 
919 497 979 509 867 494 1031 523 822 482 1079 525 915 607 950 612 886 695 944 695 878 778 950 776 
917 497 977 509 865 494 1028 523 819 482 1077 526 913 607 949 612 886 695 943 695 878 778 950 776 
916 497 976 509 863 494 1025 523 817 482 1076 526 912 607 947 612 886 695 942 695 878 777 949 776 
914 497 973 509 861 494 1023 523 814 482 1074 526 911 606 946 611 886 695 942 694 878 778 949 776 
912 497 972 508 859 494 1021 523 811 483 1072 526 910 606 945 611 885 695 941 694 878 778 948 774 
910 497 970 507 857 494 1018 522 809 483 1069 525 909 605 944 610 885 695 941 693 878 778 948 774 
908 496 969 506 855 494 1016 521 808 482 1067 522 908 605 943 610 886 695 940 693 878 778 947 774 
906 496 967 506 853 493 1016 520 806 481 1066 519 908 605 942 609 886 695 939 693 878 779 946 774 
905 495 966 506 850 492 1017 519 804 480 1066 516 907 605 941 609 887 694 938 693 879 779 946 774 
904 495 965 505 848 491 1015 517 802 479 1064 513 906 605 940 609 887 694 938 693 879 779 946 774 
902 495 964 504 847 490 1014 516 801 478 1063 510 905 605 939 609 887 694 937 693 879 779 946 774 
900 495 963 504 846 490 1013 514 799 478 1062 509 904 605 938 608 887 694 937 693 879 779 946 774 
899 494 961 504 845 489 1013 512 798 477 1062 507 903 605 938 608 886 694 937 694 879 779 946 774 
897 494 960 503 843 489 1012 511 797 477 1062 505 902 605 937 608 886 694 936 694 879 779 946 774 
895 494 959 503 842 489 1012 510 795 477 1061 504 902 605 936 608 886 694 936 694 879 778 946 774 
894 494 958 502 840 489 1011 509 794 477 1061 504 901 605 935 608 885 694 935 694 879 778 946 774 
892 494 957 502 839 489 1009 509 791 477 1059 503 900 605 934 608 885 694 935 694 879 778 945 774 
891 494 956 502 837 489 1008 508 790 477 1057 502 899 605 934 608 885 694 934 694 879 778 945 774 
890 494 955 502 836 489 1006 508 788 477 1056 502 899 605 933 608 884 694 934 694 878 778 944 774 
888 494 954 502 834 489 1004 508 786 477 1054 502 898 606 933 608 884 694 934 694 878 778 944 773 
886 494 953 501 832 489 1002 507 785 477 1052 501 897 606 932 608 883 695 934 694 878 778 944 773 
885 494 952 501 830 489 1001 507 782 477 1051 501 896 606 932 608 883 695 933 694 878 779 944 774 
884 494 951 501 830 489 1001 506 782 477 1050 500 896 606 931 607 883 695 933 694 878 778 944 773 
883 494 949 501 829 489 999 505 781 477 1049 499 896 606 931 607 883 695 933 693 878 777 944 773 
882 494 948 501 829 489 999 504 780 477 1049 498 895 606 930 607 883 695 933 693 878 777 944 773 
882 493 947 500 828 489 998 503 779 477 1048 496 894 606 929 607 883 695 933 693 878 776 944 773 
881 493 946 500 827 489 998 503 778 477 1048 495 894 606 929 607 883 695 933 693 878 776 944 773 
881 493 946 500 826 489 998 502 777 477 1047 494 894 606 928 607 882 695 932 693 878 776 944 773 
880 494 945 499 825 489 998 502 775 477 1047 492 893 606 928 607 882 695 932 693 878 776 944 772 
879 494 945 499 823 489 998 501 774 477 1047 492 893 606 927 607 882 696 932 693 877 776 944 772 
879 494 944 499 822 489 997 501 774 477 1047 492 892 607 927 607 882 697 931 693 877 777 944 773 
878 494 944 499 821 489 997 501 773 477 1047 492 892 607 926 607 882 697 931 693 876 778 944 773 
877 494 944 499 821 490 997 501 772 477 1047 493 891 607 926 607 882 698 930 693 876 779 944 773 
877 494 943 499 821 490 996 501 772 478 1046 495 891 608 926 607 882 698 930 694 876 780 944 774 
877 494 943 499 821 490 996 501 772 479 1046 498 891 608 926 607 882 698 930 694 875 780 943 775 
876 494 943 499 821 491 995 502 771 480 1045 501 890 608 925 608 882 698 929 694 875 781 943 775 
876 494 943 499 820 492 995 503 771 482 1045 503 890 608 925 608 882 699 929 694 875 782 943 775 
877 494 943 499 820 493 995 504 770 484 1045 503 890 608 925 608 881 699 929 694 875 784 943 775 
877 495 943 499 820 493 995 505 770 485 1045 504 890 609 925 609 881 700 929 694 875 785 943 775 
877 495 943 499 819 494 995 505 770 486 1045 505 889 609 925 609 882 701 929 695 875 785 943 775 
877 495 943 500 819 494 995 506 769 486 1044 505 889 609 925 609 882 702 929 695 875 785 944 775 
877 495 943 500 819 494 995 506 769 486 1044 505 889 609 925 609 882 702 929 695 875 785 944 775 
877 495 943 500 819 494 995 506 769 486 1044 505 889 609 925 610 883 702 929 695 876 785 944 775 
877 495 943 500 819 495 995 506 769 486 1044 505 889 610 925 610 883 702 929 695 876 785 944 775 
877 495 943 500 819 495 995 506 769 486 1044 505 890 610 925 610 883 702 929 695 876 785 944 775 
877 495 943 500 819 495 995 507 769 485 1044 505 890 610 925 610 883 703 929 695 876 786 944 775 
877 495 943 500 819 495 995 507 769 484 1044 505 890 610 925 610 883 702 929 695 876 786 944 775 
877 495 943 500 819 495 994 507 769 483 1044 505 890 610 925 610 883 703 929 695 876 786 944 776 
877 495 943 501 819 495 994 507 769 483 1044 505 890 610 925 610 883 703 929 695 876 786 944 776 
877 495 943 501 819 495 994 507 769 482 1044 505 890 610 925 610 883 703 929 695 877 786 944 776 
877 495 943 501 819 494 994 508 769 482 1044 506 890 610 925 610 883 703 929 695 877 786 944 776 
877 495 943 501 819 494 993 508 770 482 1043 506 890 610 925 610 883 703 929 695 877 786 944 776 
877 495 943 502 819 494 993 509 770 482 1043 507 890 610 925 610 883 703 929 696 877 786 944 776 
877 495 943 502 819 494 994 510 770 483 1043 508 890 610 925 610 883 703 929 696 877 786 944 776 
877 495 943 502 819 494 994 510 770 483 1043 508 890 610 925 610 883 703 929 696 877 786 944 776 
877 495 943 502 819 494 994 511 770 483 1043 509 890 611 925 611 883 703 929 696 877 786 944 776 
877 495 943 502 819 494 994 511 771 483 1043 509 890 611 925 611 883 703 929 696 877 786 944 776 
877 495 944 502 820 494 994 511 771 483 1043 509 890 611 925 611 883 703 929 696 877 786 944 776 
877 495 944 502 820 494 994 511 772 483 1043 509 890 611 925 611 883 703 929 696 877 786 944 776 
877 495 944 502 821 493 994 511 772 483 1043 509 890 611 925 611 883 704 929 696 877 786 944 776 
877 495 944 502 821 493 994 511 772 482 1043 509 890 611 925 611 883 704 929 696 877 786 944 776 
877 495 944 503 822 492 994 511 773 481 1043 509 890 611 925 611 883 704 929 696 877 786 944 776 
877 496 944 503 823 492 994 511 774 481 1043 509 890 611 925 611 883 704 929 696 877 786 944 775 
877 496 944 503 824 492 994 511 775 481 1043 509 890 611 925 611 883 704 929 696 876 786 944 775 
877 496 944 503 824 491 995 511 775 481 1043 509 890 611 925 611 883 704 929 696 876 786 944 775 
878 496 944 503 824 491 995 511 775 481 1043 509 890 611 925 611 883 704 929 696 876 787 944 775 
878 496 944 503 824 491 995 511 775 480 1043 510 890 611 925 611 883 704 929 696 876 787 944 775 
878 496 944 503 824 492 995 512 775 480 1043 510 890 611 925 612 883 704 929 696 876 787 944 775 
879 496 944 503 824 492 995 512 775 481 1043 510 890 611 925 612 883 704 929 696 876 787 944 775 
879 496 944 503 824 492 995 512 775 481 1044 510 890 611 925 612 883 704 928 696 876 787 944 775 
879 496 944 503 824 492 996 512 775 481 1043 510 890 611 925 612 883 704 928 697 876 787 944 775 
880 496 944 504 824 492 996 512 775 482 1044 510 890 611 925 612 883 704 928 697 877 787 944 775 
880 496 945 504 824 493 996 512 775 482 1044 510 890 611 925 612 883 704 928 697 877 787 944 775 
880 496 945 504 824 493 996 512 776 483 1043 510 891 611 925 612 883 704 928 697 877 787 944 775 
881 496 945 504 825 493 996 511 777 483 1043 509 891 611 925 612 883 704 928 697 877 787 944 775 
881 496 945 504 825 493 996 511 777 484 1043 509 891 611 925 612 883 704 928 697 877 787 944 775 
881 496 945 504 825 493 996 511 777 484 1043 508 891 612 925 612 883 704 928 697 877 787 944 775 
881 496 945 504 825 493 996 511 777 484 1043 508 891 612 925 612 883 704 928 697 877 787 944 775 
881 496 946 504 826 494 997 510 777 485 1044 508 891 612 925 613 883 704 928 697 877 787 944 775 
881 496 946 504 826 494 997 510 777 485 1044 507 891 612 925 613 883 704 929 697 877 787 944 775 
881 496 946 504 826 494 996 510 777 485 1043 507 891 612 925 613 883 704 929 697 877 787 944 775 
881 496 946 504 826 494 996 510 778 485 1043 507 891 612 925 613 883 704 929 697 877 787 944 775 
882 496 946 503 827 494 996 509 778 485 1043 507 891 612 925 613 883 704 929 696 877 787 945 775 
882 496 946 503 827 494 996 509 778 485 1043 507 891 612 925 613 883 704 929 696 877 787 945 775 
882 496 946 503 827 494 996 509 779 485 1043 507 891 612 925 613 883 704 929 696 877 787 945 775 
882 496 946 503 828 494 996 509 779 485 1043 507 891 612 925 613 884 704 929 696 877 787 945 775 
882 496 946 503 828 494 996 508 779 485 1043 507 891 612 925 613 884 704 929 696 877 787 945 775 
882 496 946 503 828 494 996 508 779 485 1043 507 891 612 925 613 884 704 929 696 877 787 945 775 
882 496 946 503 828 494 996 508 779 485 1043 507 891 612 925 613 884 704 929 696 877 787 945 775 
882 496 946 503 828 494 996 508 780 486 1043 507 892 612 925 613 884 704 929 696 877 787 945 775 
882 496 946 503 828 494 997 508 780 486 1043 507 892 612 925 613 884 704 929 696 877 787 945 775 
882 496 947 503 828 494 997 508 780 486 1043 507 892 612 925 613 884 704 929 696 877 787 945 775 
882 496 947 503 828 494 997 508 780 486 1043 507 892 612 925 613 884 704 929 696 877 787 945 775 
882 496 947 503 828 494 997 508 780 486 1044 506 892 612 925 613 884 704 929 696 877 787 945 775 
882 496 947 503 828 494 997 508 780 486 1044 506 892 612 925 613 884 704 929 696 877 787 945 776 
882 496 947 503 828 494 997 508 780 486 1044 506 892 612 925 613 884 704 929 696 877 787 945 776 
882 496 947 503 828 494 997 508 780 486 1044 506 892 612 925 613 884 704 929 696 876 787 945 776 
883 496 947 503 829 494 997 508 780 486 1043 506 892 612 925 613 884 704 929 696 876 787 945 776 
883 496 947 503 829 494 997 508 780 486 1043 506 892 612 925 613 884 704 929 696 876 787 945 776 
883 496 947 503 829 494 997 508 780 486 1043 506 892 612 925 613 884 704 929 696 876 786 945 776 
883 496 947 503 829 494 997 508 780 486 1043 506 893 612 925 613 884 704 929 696 876 786 945 776 
883 496 947 503 829 495 997 508 780 486 1043 506 893 612 925 612 884 704 929 695 876 786 945 776 
883 496 947 503 829 495 997 508 780 486 1043 506 893 612 925 612 884 704 930 695 876 785 945 776 
883 496 947 503 828 495 997 508 780 486 1043 506 893 612 925 612 884 704 930 695 876 785 945 776 
883 496 947 503 828 495 997 508 779 486 1043 506 893 612 925 612 885 704 930 695 876 785 945 776 
883 497 947 503 828 495 997 508 779 486 1043 506 893 612 925 612 885 704 930 695 877 785 945 776 
883 497 947 503 828 495 997 508 779 486 1043 506 893 612 925 612 885 704 930 695 877 785 945 776 
883 497 947 503 829 495 997 508 779 486 1043 506 893 612 925 612 885 703 930 695 877 785 945 776 
884 497 947 503 829 495 997 508 780 486 1043 506 893 612 925 612 885 703 930 695 877 785 945 776 
884 497 947 503 829 495 997 509 780 486 1043 506 893 612 925 612 885 703 930 695 877 785 945 776 
884 497 947 503 830 495 997 509 780 486 1044 506 893 612 925 612 885 703 930 695 877 785 945 776 
884 497 947 503 830 495 997 509 780 486 1044 506 893 612 925 612 885 703 930 695 877 785 945 776 
884 496 947 503 831 495 997 509 780 486 1044 506 893 612 925 612 885 703 930 695 877 785 945 776 
884 496 947 503 831 495 997 509 781 486 1044 506 893 612 925 612 885 703 930 695 877 785 945 776 
884 496 947 503 831 495 997 509 781 486 1044 506 893 612 925 612 885 703 930 695 877 785 945 776 
884 496 947 504 831 495 997 509 781 486 1044 506 893 612 925 612 885 703 930 695 877 785 946 776 
884 496 947 504 831 495 997 509 781 486 1044 506 893 612 925 612 885 703 930 696 877 785 946 777 
884 496 947 504 831 495 997 509 781 486 1044 506 893 612 925 612 885 704 930 696 877 785 946 777 
884 496 947 504 831 495 997 509 781 486 1044 507 893 612 925 612 885 704 930 696 877 785 946 777 
884 496 947 504 830 495 997 509 781 486 1044 507 893 612 925 612 884 704 930 696 877 785 946 777 
884 496 947 504 830 495 997 509 781 486 1044 507 893 612 925 612 884 703 929 696 877 785 946 777 
884 496 947 504 830 495 997 509 781 486 1044 507 893 612 925 612 884 703 929 696 877 785 946 777 
884 496 947 504 830 495 997 509 781 486 1044 507 893 612 925 612 884 703 929 696 877 785 946 777 
884 496 947 504 830 495 997 510 781 487 1044 508 893 612 925 613 884 703 929 696 877 785 946 777 
884 497 947 504 830 495 997 511 781 487 1044 509 893 612 925 613 884 703 929 696 877 785 945 777 
884 497 947 504 830 496 997 511 780 487 1044 509 893 612 925 613 884 703 929 696 877 785 945 777 
884 497 947 504 830 496 997 511 780 487 1044 509 893 612 925 613 884 703 929 696 877 785 945 777 
884 497 947 504 830 496 997 511 780 487 1044 509 893 612 925 613 884 703 929 696 877 785 945 777 
884 497 947 504 829 496 998 511 780 487 1045 509 892 612 925 613 884 703 929 696 877 785 945 776 
884 497 947 504 828 496 998 511 780 487 1045 509 892 612 925 613 884 703 929 696 877 785 945 776 
883 497 947 504 828 496 998 511 779 487 1045 509 892 613 925 613 884 703 929 696 877 785 945 776 
883 497 947 504 827 496 998 511 779 487 1045 509 892 613 925 613 884 703 929 696 877 785 945 776 
883 497 947 504 827 496 998 511 779 487 1045 509 892 613 925 613 884 703 929 696 877 785 945 776 
883 497 947 504 827 496 998 511 779 487 1045 508 892 613 925 613 884 704 930 696 877 785 946 777 
883 497 947 504 827 496 998 511 779 486 1045 508 892 613 925 614 884 704 930 696 877 785 946 777 
883 497 947 504 827 496 998 510 779 486 1045 508 892 613 925 614 884 704 930 696 877 785 946 777 
882 497 947 504 827 495 998 510 779 486 1045 508 892 613 925 614 884 704 930 696 877 785 946 777 
882 497 947 504 827 495 998 510 779 486 1045 508 892 613 925 614 884 704 930 696 877 785 946 777 
882 497 947 504 827 495 998 510 779 487 1045 508 892 613 925 614 884 704 930 696 877 785 946 777 
882 497 947 504 827 495 998 510 779 487 1045 508 892 613 925 614 884 704 930 696 877 785 946 777 
882 497 947 504 827 495 998 510 780 487 1045 508 892 613 925 614 884 704 930 696 877 785 946 777 
882 497 947 504 827 495 998 510 780 488 1045 508 892 613 925 614 884 704 930 696 877 785 946 777 
882 497 947 504 827 495 998 510 780 488 1045 508 892 613 925 614 884 704 930 696 877 785 946 777 
882 497 947 504 827 495 998 510 780 488 1045 508 892 613 926 614 884 704 930 696 877 785 946 777 
882 497 947 504 827 495 998 510 780 488 1045 508 892 613 926 614 884 704 930 696 877 785 946 777 
882 497 947 504 827 495 998 510 780 488 1045 508 892 613 926 614 884 704 930 696 877 785 946 777 
882 497 947 504 827 496 998 510 780 488 1044 508 892 613 926 614 884 703 930 696 877 785 946 777 
882 497 947 504 828 496 998 510 780 488 1043 508 892 613 926 614 884 703 930 696 877 785 946 777 
882 497 947 504 828 496 998 510 780 488 1043 508 892 613 926 614 884 703 930 696 877 785 946 777 
882 497 947 504 828 496 999 510 780 488 1043 508 892 613 926 614 884 704 930 696 877 785 946 777 
882 497 947 504 828 496 999 510 780 488 1043 508 892 613 926 614 884 704 930 696 877 785 946 777 
882 497 948 504 828 496 999 510 780 488 1043 508 892 613 926 614 884 704 930 696 877 785 946 777 
882 497 948 504 828 496 999 510 781 488 1043 508 892 614 926 614 884 704 930 696 877 785 946 777 
882 497 948 504 828 496 999 510 781 488 1043 508 892 614 926 614 884 704 930 696 877 785 946 777 
882 497 948 504 828 496 999 510 781 488 1043 508 892 614 926 614 884 704 931 696 877 785 946 777 
882 497 948 504 828 496 999 510 781 488 1043 508 892 614 926 614 884 704 931 696 877 785 946 777 
882 497 948 503 829 496 999 510 781 488 1044 508 892 614 926 614 884 704 931 696 877 785 946 778 
882 497 948 503 829 496 999 510 781 488 1044 508 892 614 926 614 884 704 931 697 877 786 946 778 
882 497 948 503 829 496 999 510 781 488 1044 508 892 614 926 614 884 704 931 697 877 786 946 777 
883 497 948 503 829 496 999 510 781 488 1045 509 892 614 926 614 884 704 931 697 877 787 946 777 
883 497 949 503 829 496 999 510 781 488 1045 509 892 614 926 614 884 704 931 697 877 787 946 777 
883 497 949 504 829 496 999 510 781 488 1045 509 892 614 926 614 884 705 931 697 877 788 946 777 
883 497 949 504 829 496 999 510 781 488 1045 509 892 614 926 614 884 705 931 697 877 789 946 777 
884 497 949 504 829 496 1000 510 781 488 1045 509 892 614 926 615 884 705 931 697 877 789 946 777 
884 497 949 504 829 496 1000 510 781 488 1045 510 892 614 926 615 884 705 931 697 877 790 946 777 
884 497 949 504 829 496 1000 510 782 488 1045 510 892 614 926 615 884 705 931 697 877 790 946 777 
884 497 949 504 829 495 1000 510 782 488 1045 510 892 614 926 615 884 705 931 697 877 790 946 778 
884 497 949 504 830 495 1000 510 782 488 1046 510 892 614 926 615 884 705 931 697 877 790 946 778 
884 497 949 504 830 495 1000 510 782 488 1046 510 892 614 926 615 884 706 932 697 877 790 946 778 
884 497 949 504 830 495 1000 510 782 488 1046 510 892 614 926 615 884 706 932 697 877 791 946 778 
884 497 949 504 830 495 1000 511 782 488 1046 510 892 615 926 615 884 706 932 697 877 791 946 778 
884 497 949 504 830 495 1000 511 782 488 1046 510 893 615 926 615 884 706 932 698 877 791 946 778 
884 497 949 504 830 495 1000 511 782 488 1046 511 893 615 926 615 884 707 932 698 877 790 946 778 
884 497 949 504 830 495 1000 511 782 488 1046 511 893 615 926 615 884 707 932 698 877 790 946 778 
884 497 949 504 830 495 1000 511 783 488 1046 511 893 615 926 615 884 707 932 698 877 790 946 778 
884 497 950 504 830 496 1000 511 783 488 1046 511 893 615 926 615 884 707 932 698 877 790 946 778 
884 497 950 504 830 496 1000 511 783 488 1046 511 893 615 926 615 884 707 932 698 877 790 946 778 
885 497 950 504 830 495 1000 511 783 488 1047 511 893 615 926 615 884 707 932 698 877 790 946 778 
885 497 950 504 830 495 1000 511 783 488 1047 511 893 615 926 615 884 707 932 698 877 790 946 778 
885 497 950 504 830 495 1000 511 783 488 1047 511 893 615 926 615 884 707 932 698 877 790 946 778 
885 497 950 504 830 495 1000 511 783 488 1047 511 893 615 926 615 884 707 932 698 877 790 945 778 
885 497 950 504 830 495 1000 511 783 488 1047 511 893 615 926 615 884 707 932 698 877 790 945 778 
885 497 950 504 830 495 1000 511 783 487 1047 511 893 615 926 615 884 707 932 698 877 790 945 778 
885 497 950 504 830 495 1000 511 783 487 1047 511 893 615 926 615 884 707 932 698 877 790 945 778 
885 497 950 504 830 495 1000 511 783 487 1047 511 893 615 926 615 884 707 932 698 877 790 945 778 
885 497 950 504 830 495 1000 511 783 487 1047 511 893 615 926 615 884 707 932 698 877 790 945 778 
885 497 950 504 830 495 1000 511 783 487 1047 511 893 615 926 615 884 707 933 698 877 790 945 778 
885 497 950 504 830 495 1000 512 783 487 1047 511 893 615 926 615 884 707 932 698 877 790 945 778 
885 497 950 504 830 495 1000 512 783 487 1047 511 893 615 926 615 884 707 932 698 877 790 945 778 
885 497 950 505 830 495 1000 512 783 487 1047 511 893 615 926 615 884 707 932 698 877 790 945 778 
885 497 950 505 830 496 1001 512 783 487 1047 511 893 615 926 615 884 707 932 698 877 790 945 778 
885 497 950 505 830 496 1001 512 783 487 1048 511 893 615 927 615 884 707 932 698 877 791 945 778 
885 497 951 505 830 496 1001 512 783 487 1048 511 893 615 927 615 884 707 932 698 877 791 945 778 
886 497 951 505 831 496 1002 512 783 488 1048 511 893 615 927 615 884 707 932 698 877 791 945 778 
886 497 951 505 831 496 1002 512 784 488 1048 511 893 615 927 615 884 707 932 698 877 792 945 778 
887 497 951 505 832 496 1002 512 784 488 1048 511 893 615 927 615 884 707 932 698 877 792 945 778 
887 497 951 505 832 496 1002 512 784 488 1048 511 893 615 927 615 884 707 932 698 877 791 945 778 
887 497 951 505 832 496 1002 512 784 488 1048 511 893 615 927 615 884 706 932 698 877 791 945 778 
887 497 951 505 832 496 1002 512 785 488 1048 511 893 615 927 615 884 706 932 698 877 791 945 778 
887 497 951 505 832 496 1002 512 785 488 1048 511 893 615 927 615 884 706 932 697 877 791 945 778 
887 497 951 504 833 496 1002 512 785 488 1048 511 894 615 927 615 884 706 932 697 877 791 945 778 
887 497 951 504 833 496 1002 512 785 488 1048 511 894 615 927 615 884 705 932 697 877 790 945 778 
887 497 951 504 833 496 1002 512 785 488 1048 510 894 615 927 615 884 705 932 697 877 790 945 778 
887 497 952 504 833 496 1002 512 786 488 1048 510 894 615 927 615 884 705 932 697 877 790 945 778 
887 497 952 504 833 496 1002 512 786 488 1048 510 894 615 927 615 884 705 932 697 877 790 945 778 
887 497 952 504 833 496 1002 512 786 488 1049 509 894 615 928 615 884 705 932 697 877 790 945 778 
887 497 952 504 833 496 1002 512 786 488 1049 509 894 615 928 615 884 705 932 697 877 789 945 778 
887 497 952 504 833 496 1002 511 786 488 1049 509 894 615 928 615 884 705 933 697 877 789 945 778 
887 497 952 504 833 496 1002 511 786 488 1049 508 894 615 928 615 884 705 933 697 877 789 945 778 
888 497 952 504 833 496 1002 511 786 488 1049 508 894 615 928 615 884 706 933 697 877 789 945 778 
888 497 952 504 833 496 1002 511 786 488 1049 507 894 615 928 615 884 706 933 697 877 789 945 778 
888 497 952 504 833 496 1002 511 785 488 1049 507 894 615 928 615 884 706 933 697 877 789 945 778 
888 497 952 504 833 496 1002 511 785 487 1049 506 894 615 928 615 884 706 933 697 877 789 945 778 
887 497 952 504 833 496 1002 511 785 487 1049 506 895 615 928 615 884 706 933 697 877 789 945 778 
887 497 952 504 833 496 1001 510 785 487 1049 506 895 615 928 615 884 706 933 697 877 789 945 778 
887 497 952 504 833 496 1001 510 785 487 1049 506 895 615 928 615 884 706 933 697 877 789 945 778 
887 497 953 504 833 496 1001 510 785 487 1049 506 895 615 928 615 884 706 933 697 878 788 945 778 
887 497 953 504 833 496 1001 510 785 487 1049 505 895 615 929 615 884 706 933 697 878 789 945 778 
887 497 953 504 833 496 1001 510 785 488 1049 505 895 615 929 615 884 706 934 697 878 789 945 778 
888 497 953 504 833 496 1001 510 785 488 1049 505 895 615 929 615 884 706 934 697 878 789 945 778 
888 497 953 504 833 496 1001 510 785 488 1049 505 895 615 929 615 884 706 934 697 878 789 945 778 
888 497 953 504 833 496 1001 510 785 488 1049 506 895 615 929 615 884 706 934 697 878 789 945 778 
888 497 953 504 833 496 1001 511 785 488 1049 506 895 615 929 615 884 706 934 698 878 790 945 778 
888 497 953 504 833 496 1001 511 785 488 1049 506 895 615 929 615 884 706 934 698 878 790 945 778 
887 497 953 505 833 496 1001 511 784 488 1049 506 895 615 929 615 884 706 934 698 878 790 945 778 
887 497 952 505 832 496 1001 511 784 487 1049 507 895 615 929 615 884 706 934 698 878 791 945 778 
887 497 952 505 832 496 1001 511 784 487 1049 507 895 615 929 615 884 706 934 698 878 791 945 779 
887 497 952 505 832 495 1001 511 783 487 1048 508 895 615 929 615 884 706 934 698 878 791 945 779 
887 497 952 505 832 495 1001 511 783 487 1048 508 895 615 929 615 884 707 934 698 878 791 945 779 
887 497 952 505 831 495 1001 512 783 487 1048 509 895 615 929 615 884 707 934 697 878 791 945 779 
887 497 951 505 831 495 1001 512 783 487 1048 509 895 615 929 615 884 707 934 697 878 791 945 779 
887 497 951 505 831 495 1001 512 783 487 1047 510 895 615 929 615 884 707 934 697 877 791 945 779 
887 497 951 505 831 495 1000 512 783 487 1047 510 895 615 929 614 883 707 934 697 877 791 945 779 
887 497 950 505 831 495 1000 512 783 487 1046 511 895 615 929 614 883 707 934 697 877 791 945 779 
887 497 950 505 831 495 1000 512 783 487 1046 511 895 615 929 614 883 706 934 697 877 790 945 779 
886 497 950 505 831 496 1000 512 783 487 1046 511 895 615 929 614 883 706 934 697 877 790 945 779 
886 497 950 505 831 496 1000 512 782 487 1046 511 895 614 929 614 883 706 934 697 877 790 945 779 
886 497 950 505 831 496 1000 512 782 487 1046 511 895 614 929 614 883 706 934 696 877 790 945 779 
886 497 950 505 831 496 1000 512 782 487 1046 511 895 614 929 614 883 706 934 696 877 789 945 779 
886 497 950 505 831 496 1000 512 782 487 1046 511 895 614 928 614 883 706 934 697 877 789 945 779 
886 497 950 505 831 496 1000 512 782 487 1046 511 895 614 928 614 883 706 933 697 877 789 945 779 
886 497 950 505 831 496 1000 512 782 487 1046 511 895 614 928 614 883 706 933 697 877 788 945 779 
886 497 949 505 831 496 1000 512 782 487 1045 511 895 614 928 614 883 705 933 697 877 788 945 779 
885 497 949 505 831 496 1000 512 782 487 1045 511 895 614 928 614 883 705 933 697 877 788 945 779 
885 497 949 505 831 496 1000 512 782 487 1045 511 895 614 928 614 883 705 933 697 877 788 945 779 
885 497 949 505 831 496 1000 512 782 487 1045 511 895 614 928 614 883 705 933 697 877 788 946 779 
885 497 949 505 831 496 1000 512 782 487 1045 510 895 614 928 614 883 705 933 697 877 788 946 779 
885 497 948 505 831 496 999 512 782 488 1045 510 895 614 928 614 883 705 933 698 877 788 946 779 
885 497 948 505 831 496 999 512 782 488 1044 510 894 614 928 614 883 705 933 698 877 788 946 779 
885 497 948 505 831 496 998 512 783 488 1044 510 894 615 928 615 883 705 933 698 877 788 946 779 
885 497 948 505 831 496 998 512 783 488 1044 510 894 615 928 615 883 706 933 698 877 788 946 779 
885 497 948 505 831 496 998 512 783 488 1044 510 894 615 928 615 883 706 933 698 877 788 946 779 
885 497 948 505 830 496 998 512 783 488 1044 510 894 615 928 615 883 706 933 698 877 788 946 779 
885 497 948 505 830 496 998 512 783 488 1044 510 894 615 928 615 883 707 933 698 877 788 946 779 
885 497 948 505 830 496 998 512 783 488 1044 511 894 615 928 615 883 707 933 699 877 788 946 779 
885 497 948 505 830 496 998 512 783 488 1044 511 894 615 928 615 883 707 933 699 877 788 946 780 
884 497 948 505 830 496 998 512 783 488 1044 511 894 615 928 615 883 707 933 699 877 789 946 780 
884 497 948 505 830 496 998 512 783 488 1044 511 894 615 928 615 883 708 933 699 877 789 946 780 
884 497 948 505 830 497 998 512 782 488 1044 511 894 615 928 615 883 708 933 699 877 789 946 780 
884 497 948 505 830 497 998 512 782 488 1044 511 894 615 928 615 883 708 933 699 877 789 946 780 
884 497 948 505 830 497 998 512 782 488 1044 511 894 615 928 615 883 708 933 699 877 789 946 779 
884 497 948 505 829 497 998 512 782 488 1045 511 894 615 928 615 883 708 933 699 877 789 946 779 
884 497 948 505 829 497 998 512 782 488 1045 511 894 615 928 615 883 708 933 699 877 789 946 779 
884 497 948 505 829 497 999 512 782 489 1045 511 894 615 928 615 883 708 933 699 877 789 946 779 
884 497 948 505 829 496 999 512 781 489 1045 511 894 615 928 615 883 708 933 699 877 789 946 779 
884 497 948 505 829 496 999 512 781 489 1045 511 894 615 928 615 883 708 933 699 877 789 946 779 
884 497 948 505 829 496 999 512 781 488 1046 511 894 615 928 615 883 707 933 699 877 789 946 779 
884 497 949 505 829 496 999 512 781 488 1046 511 894 615 928 615 883 707 933 699 877 789 946 779 
884 497 949 505 829 496 1000 512 781 488 1046 511 894 615 928 615 883 707 933 699 877 789 946 779 
884 497 949 505 829 496 1000 512 780 488 1046 511 894 615 928 615 883 707 933 699 877 789 946 779 
884 497 949 505 829 495 1000 512 780 488 1046 511 895 615 928 615 883 707 933 699 877 789 946 780 
884 497 949 505 829 495 1000 512 780 488 1046 511 895 615 928 615 883 707 933 699 877 789 946 780 
884 497 949 505 829 495 1000 512 780 487 1046 511 895 615 928 615 883 707 933 699 877 788 946 780 
884 497 949 505 829 495 1000 512 780 487 1046 511 895 615 928 615 883 707 933 699 877 788 946 780 
884 497 949 505 829 495 1000 512 780 487 1047 510 895 615 928 615 883 707 933 699 877 788 946 780 
884 497 949 505 829 495 1000 512 780 487 1047 510 895 615 928 615 883 707 933 699 877 788 946 780 
884 497 949 505 829 495 1001 512 780 487 1047 509 895 615 928 615 883 707 933 699 877 788 946 780 
884 497 950 505 829 495 1001 512 780 487 1047 508 895 615 928 615 883 707 933 699 877 788 946 780 
884 497 950 505 829 494 1001 512 780 487 1047 508 895 615 928 615 883 706 933 699 877 787 946 780 
885 497 950 505 829 494 1001 512 780 487 1048 507 895 615 928 615 883 706 933 699 877 787 946 780 
885 497 950 505 829 494 1002 512 780 487 1048 506 895 615 928 615 883 706 933 699 877 786 946 780 
885 497 950 505 829 494 1002 512 780 487 1048 506 896 615 928 615 884 706 933 699 877 786 946 780 
885 497 950 505 829 494 1002 512 780 487 1048 506 896 615 928 615 884 706 933 699 878 786 946 780 
885 497 950 505 829 494 1002 512 781 487 1048 507 896 615 928 615 884 706 933 699 878 786 946 780 
885 497 950 505 829 494 1001 512 781 487 1048 507 896 615 928 615 884 706 933 699 878 787 946 779 
885 497 951 506 829 494 1001 512 781 486 1048 508 896 615 928 615 884 706 933 699 878 787 946 779 
885 497 951 506 829 493 1001 512 781 486 1048 508 896 615 928 615 884 706 933 699 878 787 946 779 
885 497 951 506 829 493 1001 512 781 486 1048 509 896 615 928 615 884 706 933 699 878 787 946 779 
885 497 951 506 829 493 1001 512 781 486 1048 509 896 615 928 615 884 706 933 699 878 788 946 779 
885 497 951 506 829 493 1001 512 781 486 1048 509 896 615 928 615 884 706 933 699 878 788 946 779 
885 497 951 506 829 493 1001 512 781 486 1048 509 896 615 929 615 884 706 933 699 877 788 946 779 
885 497 951 506 829 493 1001 512 781 485 1048 509 896 616 929 616 884 706 933 699 877 788 946 779 
885 497 951 506 829 493 1001 512 781 485 1048 509 896 616 929 616 884 706 933 699 877 788 946 779 
885 497 951 506 829 493 1001 512 781 485 1048 509 896 616 929 616 884 706 933 699 877 788 946 779 
885 497 951 506 829 493 1001 512 781 485 1048 509 896 616 929 616 884 706 933 699 877 788 946 779 
885 497 951 506 829 493 1001 512 781 485 1048 509 896 616 929 616 884 706 933 699 877 788 946 779 
885 497 952 506 829 493 1001 512 781 485 1048 509 896 615 929 615 884 706 933 699 877 788 946 779 
885 497 952 506 829 493 1001 512 781 485 1048 510 896 615 929 615 884 706 933 699 877 788 946 779 
885 497 952 506 829 493 1001 512 781 485 1048 510 896 615 929 615 884 706 933 699 877 788 946 779 
885 497 952 506 829 493 1002 512 781 486 1048 510 896 615 929 615 884 706 933 699 877 788 946 779 
885 497 952 506 829 494 1002 512 781 486 1047 510 896 615 929 615 884 706 933 699 877 788 946 779 
885 497 952 506 829 494 1002 512 781 486 1047 511 896 615 929 615 884 706 933 699 877 788 946 779 
885 497 952 506 829 494 1002 512 781 486 1047 511 896 615 929 615 884 705 933 699 877 788 946 779 
885 497 952 506 829 494 1002 512 781 486 1047 511 896 615 929 615 884 705 933 699 877 788 946 779 
885 497 952 506 829 494 1002 512 781 486 1047 511 896 615 929 615 884 705 933 699 877 787 946 779 
885 497 952 506 829 494 1002 512 781 486 1047 511 896 615 929 615 884 705 933 699 878 787 946 779 
885 497 952 506 829 494 1002 512 781 486 1047 511 896 615 929 615 884 705 933 699 878 787 946 779 
885 497 952 506 830 494 1002 512 781 486 1048 511 896 615 929 615 884 705 933 699 878 787 946 780 
885 497 952 506 830 494 1002 513 781 486 1048 511 896 615 929 615 885 705 933 699 878 787 946 780 
886 497 952 506 831 494 1002 513 781 486 1048 511 896 615 929 615 885 705 933 699 878 787 946 780 
886 497 952 506 831 495 1002 513 782 486 1048 511 896 615 929 615 885 704 933 699 878 787 946 780 
886 497 952 506 831 495 1002 513 782 486 1048 511 896 615 929 615 885 704 933 699 878 787 946 780 
886 497 952 506 831 495 1002 513 782 486 1048 511 896 615 929 615 885 704 933 699 878 787 946 780 
886 497 952 506 831 495 1002 513 782 486 1048 512 896 615 929 615 885 704 933 699 878 787 946 780 
886 497 952 506 831 495 1002 513 783 486 1048 512 896 615 929 615 885 704 933 699 878 787 946 780 
886 497 952 506 831 495 1002 513 783 486 1048 512 896 615 929 615 885 704 933 699 878 787 946 780 
886 497 952 506 831 495 1002 513 783 486 1048 512 896 615 929 615 885 705 933 699 878 787 946 780 
886 497 952 506 831 495 1002 513 782 486 1048 512 896 615 929 615 885 705 933 699 877 787 946 780 
887 497 952 506 831 495 1002 513 782 486 1049 512 896 615 929 615 885 705 933 699 877 787 946 780 
887 497 952 506 831 495 1002 513 782 486 1049 512 896 614 929 615 885 705 933 699 877 787 946 780 
887 497 952 506 831 495 1002 513 782 486 1049 512 896 614 929 615 885 705 933 699 877 787 946 781 
887 497 952 506 831 495 1002 513 782 486 1049 512 896 614 929 615 885 705 933 699 877 787 946 781 
887 497 952 506 831 495 1002 513 782 486 1048 512 896 614 929 615 885 705 933 699 877 787 946 781 
887 497 952 506 831 495 1002 513 782 486 1048 512 896 614 929 615 885 705 933 699 877 787 946 781 
887 497 952 506 831 495 1002 513 782 486 1048 512 896 614 929 615 885 705 933 699 877 787 946 781 
887 497 952 506 831 495 1002 513 782 486 1048 512 896 614 929 615 885 705 934 699 877 787 946 781 
887 497 952 506 831 495 1002 513 782 486 1047 512 896 614 929 615 885 705 934 699 877 787 946 781 
887 497 952 506 831 495 1002 513 782 486 1047 512 896 614 930 615 885 705 934 699 877 787 946 781 
887 498 952 506 831 495 1002 513 782 487 1047 512 896 614 930 615 885 705 934 698 877 787 946 781 
887 498 952 506 831 495 1002 513 782 487 1047 512 897 614 930 615 885 705 934 698 877 787 946 781 
887 498 952 506 831 495 1002 513 782 487 1047 511 897 614 930 615 885 705 934 698 877 787 946 781 
887 498 952 506 831 495 1002 513 782 487 1047 511 897 614 930 615 885 705 934 698 877 787 947 781 
887 498 952 506 831 495 1002 513 782 487 1047 511 897 614 930 615 885 705 934 698 877 788 947 781 
887 498 952 505 831 495 1002 513 782 488 1047 511 897 614 930 614 885 705 934 698 877 788 947 781 
887 498 952 505 831 495 1002 513 782 488 1048 510 897 614 930 614 885 705 934 697 877 788 947 780 
887 498 952 505 831 496 1002 513 782 488 1048 510 897 614 930 614 885 705 934 697 877 788 947 780 
887 498 952 505 831 496 1002 513 782 488 1048 510 897 614 930 614 885 705 935 697 877 788 947 780 
887 498 952 505 831 496 1002 513 782 488 1049 510 897 614 930 614 885 705 935 698 877 788 947 780 
887 498 952 505 832 496 1002 512 782 488 1049 510 897 614 930 614 885 705 935 698 877 788 947 780 
887 498 952 505 832 496 1002 512 782 488 1050 510 897 614 930 614 885 705 935 698 877 788 947 780 
887 498 952 505 832 496 1002 512 782 488 1050 510 897 614 930 614 885 705 935 698 877 788 947 780 
887 498 952 505 832 496 1002 512 782 488 1050 510 897 614 930 614 885 705 935 699 877 788 947 780 
887 498 952 506 832 496 1002 512 782 488 1049 510 897 614 930 614 885 705 935 699 877 788 947 780 
887 498 952 506 832 495 1002 512 782 488 1049 511 897 614 930 614 885 705 935 699 877 787 947 780 
887 497 953 506 831 495 1002 512 781 488 1049 511 897 614 930 614 885 705 935 699 877 787 947 780 
887 497 953 506 831 495 1002 512 781 488 1049 511 897 614 931 614 885 705 935 699 877 787 947 780 
886 497 953 506 831 495 1002 512 781 487 1049 511 897 614 931 614 885 705 935 699 878 787 947 780 
886 497 953 506 831 495 1002 512 781 487 1049 511 897 614 931 614 885 705 935 699 878 787 947 780 
886 497 953 506 831 495 1002 512 781 487 1049 511 897 614 931 614 885 705 935 699 878 787 947 780 
886 497 953 506 831 494 1002 512 781 487 1049 511 897 614 931 614 885 705 935 699 878 787 947 780 
886 497 953 506 831 494 1002 512 781 487 1049 511 897 614 931 614 885 705 935 700 878 787 947 780 
886 497 953 506 831 494 1002 512 781 487 1049 511 897 614 931 614 885 705 935 700 878 787 947 780 
886 497 953 506 831 494 1002 512 781 486 1049 511 897 614 931 614 885 705 935 700 878 787 947 780 
886 497 953 506 831 494 1002 512 781 486 1049 510 897 614 931 614 885 705 935 700 878 786 947 780 
886 497 953 506 831 494 1002 512 781 486 1049 510 897 614 931 614 885 705 935 700 878 786 947 780 
885 497 953 506 830 494 1002 512 780 486 1050 510 897 614 931 614 885 705 935 700 878 786 947 780 
885 497 953 505 830 494 1003 512 780 486 1050 510 897 614 931 614 885 705 935 700 878 786 947 780 
885 497 953 505 830 494 1003 512 780 486 1050 510 897 614 931 614 885 705 935 700 878 786 947 780 
885 497 953 505 830 494 1003 512 780 485 1050 510 897 614 931 614 885 705 935 700 878 786 947 780 
885 497 953 505 830 494 1003 512 780 485 1050 510 897 614 931 614 885 705 935 700 878 786 947 780 
885 497 953 505 830 494 1003 512 780 485 1051 510 897 614 931 614 885 705 935 700 878 786 947 780 
885 497 953 505 830 494 1003 512 780 485 1050 510 898 614 931 614 885 705 935 700 878 786 947 780 
885 497 953 505 830 494 1003 512 780 485 1050 510 898 614 931 614 885 705 935 700 878 786 947 780 
885 497 953 505 830 494 1003 512 780 485 1050 510 898 614 931 614 885 705 935 700 878 786 947 780 
885 497 954 505 830 494 1003 512 780 485 1050 510 898 614 931 615 885 705 935 700 878 786 947 780 
885 497 954 505 830 494 1003 512 780 485 1050 510 898 614 931 615 885 706 935 700 878 786 947 780 
885 497 954 505 830 494 1003 512 780 485 1050 510 898 615 931 615 885 706 935 700 878 787 947 780 
886 497 954 505 829 494 1003 512 780 485 1050 510 898 615 932 615 885 706 935 700 878 787 947 780 
886 497 954 505 829 494 1003 512 779 485 1050 509 898 615 932 615 885 706 935 700 878 787 947 780 
886 497 954 505 829 494 1003 512 779 485 1050 509 898 615 932 615 886 706 935 700 878 787 947 780 
886 497 954 505 829 494 1003 512 779 485 1050 509 898 615 932 615 886 706 935 700 878 787 947 780 
886 497 954 505 829 494 1003 512 779 485 1050 509 898 615 932 615 886 706 935 700 878 787 947 780 
886 497 954 505 829 494 1003 512 779 485 1050 509 898 615 932 615 886 706 935 700 878 787 947 780 
887 497 954 505 829 494 1003 512 779 485 1050 509 898 614 932 615 886 705 935 699 878 787 947 780 
887 498 954 505 829 494 1003 512 780 485 1050 509 898 614 932 614 886 705 935 699 878 787 947 780 
887 498 953 505 829 493 1002 512 780 485 1050 509 899 614 932 614 886 705 935 699 878 787 947 780 
887 498 953 505 830 493 1002 512 781 485 1050 509 899 614 932 614 886 705 935 699 878 787 947 780 
887 498 953 505 830 493 1002 512 782 485 1050 508 899 614 932 614 886 705 935 699 878 787 947 780 
887 498 953 505 831 493 1002 512 782 484 1050 508 899 614 932 614 886 705 935 699 878 787 947 780 
887 498 953 505 831 493 1002 512 782 484 1050 508 899 614 932 614 886 705 935 699 878 787 947 780 
887 498 953 505 831 492 1002 512 782 484 1050 509 899 614 932 614 886 705 935 699 878 787 947 780 
887 498 953 505 831 492 1002 512 782 484 1050 509 899 614 932 614 886 705 935 699 878 787 947 780 
887 498 953 505 831 492 1002 512 782 484 1050 509 899 614 932 614 886 705 935 699 878 787 947 780 
887 498 953 505 832 492 1003 512 782 484 1050 509 899 614 932 614 886 705 935 699 878 787 947 780 
887 498 953 505 832 492 1003 512 783 484 1050 510 899 614 932 614 886 705 935 699 878 787 947 780 
887 498 953 505 831 492 1003 512 783 484 1050 510 899 614 932 614 886 705 935 699 878 787 947 780 
887 498 953 505 831 493 1003 512 782 484 1050 510 899 614 932 614 886 705 935 699 878 787 947 780 
887 498 953 505 831 493 1004 512 782 484 1050 510 899 614 932 614 886 705 935 700 878 787 947 780 
887 498 953 505 831 493 1004 512 782 484 1051 510 899 614 932 614 886 705 935 700 878 787 947 780 
887 498 953 505 830 493 1004 512 781 484 1051 510 899 614 932 614 886 705 935 700 878 788 947 780 
887 498 954 505 830 493 1004 512 781 484 1051 510 899 614 932 615 886 705 935 700 878 788 947 780 
887 498 954 505 830 493 1004 512 781 484 1051 510 899 614 932 615 886 705 935 700 878 788 947 780 
887 498 954 505 830 493 1004 512 781 484 1051 510 899 614 932 615 886 705 935 701 878 788 947 780 
887 498 954 505 830 493 1004 512 782 484 1051 510 899 614 932 615 886 705 935 701 878 788 946 780 
887 498 954 505 830 493 1004 512 782 484 1051 510 899 614 932 615 886 705 935 701 878 788 946 780 
887 498 954 505 830 493 1004 512 782 484 1051 509 899 614 932 615 886 705 935 701 878 788 946 780 
887 498 954 505 830 493 1003 512 782 484 1051 509 899 614 932 615 886 706 935 700 878 788 946 780 
887 498 954 505 831 492 1003 512 782 484 1051 509 899 615 932 615 886 706 935 700 878 789 946 779 
887 498 954 505 832 492 1004 512 782 484 1051 509 898 615 932 615 886 706 935 700 878 789 946 779 
887 498 954 505 832 492 1004 512 782 484 1051 509 898 615 932 615 886 706 935 700 878 790 946 779 
887 498 954 505 832 492 1004 512 782 484 1051 509 898 615 932 616 886 707 935 700 878 790 946 779 
887 498 954 505 832 492 1004 512 782 484 1051 509 898 615 932 616 886 707 935 700 878 790 946 779 
887 498 954 505 832 492 1004 512 782 484 1051 509 898 615 932 616 886 707 935 700 878 790 946 779 
887 498 954 505 832 492 1004 512 782 484 1051 509 898 615 932 616 886 707 935 700 878 790 946 779 
887 498 954 505 832 491 1004 512 782 484 1051 509 898 615 932 616 886 707 935 700 878 790 946 779 
887 498 954 505 832 491 1004 512 782 484 1051 509 898 615 932 616 886 707 935 700 878 790 946 779 
887 498 954 505 832 491 1004 512 782 484 1050 510 898 615 932 616 886 707 935 700 878 790 946 779 
887 498 954 505 832 491 1004 512 782 484 1050 510 898 616 932 616 886 707 935 700 878 790 946 779 
887 498 954 505 832 491 1004 512 782 484 1050 510 898 616 932 616 886 707 935 700 878 790 946 779 
887 498 954 505 832 491 1004 512 782 484 1050 510 898 616 932 616 886 707 934 701 878 790 946 779 
887 498 955 505 832 491 1004 512 782 483 1051 510 898 616 932 616 886 707 934 701 878 790 946 779 
887 498 955 505 832 491 1004 512 782 483 1051 510 898 616 932 616 886 707 934 701 878 790 946 779 
887 498 955 505 832 491 1004 512 782 483 1051 510 898 616 932 616 886 707 934 701 878 790 946 779 
887 498 955 505 832 491 1004 512 782 483 1051 510 898 616 932 616 886 707 934 701 878 790 946 779 
887 498 955 505 832 491 1004 511 782 483 1051 510 898 616 932 616 886 707 934 701 878 790 946 779 
887 498 955 505 832 491 1004 511 782 483 1051 509 898 616 932 616 886 707 934 701 878 790 946 779 
887 498 955 505 832 491 1004 511 782 483 1051 509 898 616 932 616 886 707 934 701 878 790 946 779 
887 498 955 505 832 491 1004 511 782 483 1051 509 898 616 932 616 886 707 934 701 878 790 946 779 
887 498 955 505 832 491 1004 511 782 483 1051 509 898 615 932 616 886 706 934 701 878 790 946 779 
887 498 955 505 832 491 1004 511 782 483 1051 509 898 615 932 616 886 706 934 701 878 790 946 779 
887 498 955 505 832 491 1004 511 782 483 1051 508 898 615 932 616 886 706 934 701 878 789 946 779 
887 498 955 505 832 491 1004 511 782 483 1051 508 898 615 932 616 886 706 934 701 878 789 946 779 
887 498 955 505 832 491 1004 511 782 483 1051 507 899 615 932 616 886 706 934 701 878 789 946 779 
887 498 955 505 832 491 1004 511 782 483 1051 507 899 615 932 616 886 706 934 701 878 789 946 779 
887 498 955 505 831 491 1004 511 782 483 1051 507 899 615 932 616 886 706 934 701 878 789 946 779 
887 498 955 505 831 491 1004 511 782 483 1051 507 899 615 932 616 886 706 934 701 878 788 946 779 
887 498 955 505 831 491 1004 511 782 484 1051 507 899 615 932 616 886 706 934 701 878 788 946 779 
887 498 955 505 831 491 1004 511 782 484 1051 507 899 615 932 616 886 706 934 701 878 788 946 780 
887 498 955 504 831 492 1004 511 781 484 1051 507 899 615 932 616 886 706 934 701 879 788 946 780 
887 498 955 504 831 492 1004 511 781 484 1051 507 899 615 932 615 886 706 934 701 879 788 946 780 
887 498 955 504 831 492 1004 511 781 484 1051 507 899 615 932 615 886 706 934 701 879 788 945 780 
887 498 955 504 831 492 1004 511 781 484 1051 507 899 615 932 615 886 706 934 701 879 788 945 779 
887 498 955 504 831 492 1004 511 781 484 1051 507 899 615 932 615 886 706 934 700 879 788 945 779 
887 498 955 504 830 492 1004 511 781 484 1051 507 899 615 933 615 886 705 934 700 879 788 945 779 
887 498 955 504 830 492 1004 511 781 484 1051 507 899 615 933 615 886 705 934 699 879 788 945 779 
887 498 955 504 830 493 1004 511 781 484 1051 507 899 615 933 614 886 705 934 699 879 788 945 779 
887 498 955 504 830 493 1004 511 781 484 1050 507 900 615 933 614 886 705 934 699 879 787 945 779 
887 498 955 504 830 493 1004 511 781 484 1050 507 900 614 933 614 886 705 934 699 879 787 945 779 
887 498 955 504 830 493 1004 511 781 484 1050 507 900 614 933 614 886 705 934 699 879 787 945 779 
887 498 955 504 830 493 1004 511 781 484 1051 507 900 614 933 614 886 705 934 699 879 787 945 779 
887 497 955 504 830 493 1004 511 781 484 1051 508 900 614 933 614 886 704 934 699 879 787 945 779 
887 497 955 504 830 493 1004 511 781 484 1050 509 900 614 933 614 886 704 934 699 879 787 945 779 
887 497 955 504 830 493 1004 512 781 484 1050 510 900 614 933 614 886 704 934 699 879 787 945 779 
887 497 955 504 830 493 1004 512 781 484 1051 510 900 614 933 614 886 704 934 699 879 787 945 779 
887 497 955 504 830 493 1004 512 781 484 1051 510 900 614 933 614 886 704 934 699 879 787 945 779 
887 497 955 504 830 493 1005 512 780 484 1051 511 900 614 933 614 886 704 934 699 879 787 945 778 
887 497 955 504 830 493 1005 512 780 484 1051 511 900 614 933 614 886 704 934 699 879 787 945 778 
887 497 955 504 830 493 1005 512 780 484 1052 511 900 614 933 614 886 704 934 699 879 787 945 778 
887 497 955 504 830 493 1005 512 780 484 1052 511 900 614 933 614 886 704 934 699 879 787 945 778 
887 497 955 504 830 493 1005 512 780 484 1052 511 900 614 933 614 886 704 934 699 879 787 945 778 
887 497 955 504 830 492 1005 512 780 484 1052 511 900 614 933 614 886 704 934 699 879 787 945 778 
887 497 955 504 830 492 1005 512 780 484 1052 511 900 614 933 614 886 704 934 698 879 787 945 778 
887 497 955 504 830 492 1005 512 780 484 1052 511 900 614 933 614 886 704 934 699 879 787 945 778 
887 497 955 504 830 492 1005 512 780 483 1052 511 900 614 933 614 886 704 934 699 879 787 945 778 
887 497 955 504 830 492 1005 512 780 483 1052 511 900 614 933 614 886 704 934 698 879 787 945 778 
887 497 955 504 830 492 1005 512 780 483 1052 511 900 614 933 614 886 704 934 699 879 786 945 778 
887 497 955 504 830 492 1005 512 780 483 1052 511 900 614 933 614 886 704 934 699 879 786 945 778 
887 497 955 504 830 492 1005 512 781 483 1052 510 900 614 933 614 886 705 934 699 879 788 945 778 
888 497 955 504 830 492 1005 512 781 483 1052 510 900 614 933 614 886 705 934 699 879 788 945 779 
888 497 955 504 830 492 1005 512 780 483 1052 510 900 614 933 614 886 705 934 699 879 788 945 779 
888 497 955 504 830 492 1005 512 780 483 1052 509 900 614 933 614 886 706 934 700 879 789 945 779 
888 497 955 504 830 492 1005 512 780 483 1052 509 900 614 933 614 886 706 934 700 879 789 945 779 
888 497 955 504 830 492 1005 512 780 483 1052 509 900 614 933 614 886 706 934 700 879 789 945 779 
888 497 955 504 830 492 1005 512 780 484 1052 509 900 614 933 614 886 706 934 701 879 789 945 779 
888 497 955 504 830 492 1005 512 780 484 1052 508 900 614 933 615 886 706 934 701 879 789 945 779 
888 498 955 504 830 492 1005 512 780 484 1052 508 900 615 933 615 886 706 934 701 879 789 945 779 
888 498 955 504 830 492 1005 512 780 484 1052 509 900 615 933 615 886 706 934 701 879 789 945 779 
888 498 955 504 830 492 1005 512 780 484 1052 509 900 615 933 615 886 706 934 701 879 789 945 779 
888 498 955 504 830 492 1005 512 780 484 1052 509 900 615 933 615 886 706 934 701 879 789 945 779 
888 498 955 504 830 492 1005 512 780 484 1052 509 900 615 933 615 886 706 934 701 879 789 945 779 
888 498 955 504 830 492 1006 512 780 484 1052 509 900 615 933 615 886 706 934 701 879 789 945 779 
887 498 955 504 830 492 1006 512 780 484 1052 510 900 615 933 615 886 706 934 701 879 789 945 779 
887 498 955 504 830 492 1006 512 780 484 1052 510 900 615 933 615 886 706 934 701 879 788 945 779 
887 498 955 504 830 492 1006 512 780 484 1052 510 900 615 933 615 886 706 934 701 879 788 945 779 
887 498 955 504 830 492 1006 512 780 484 1052 509 900 615 933 615 886 706 934 701 879 788 945 779 
887 498 955 504 830 492 1006 512 780 484 1053 509 900 615 933 615 886 706 934 701 879 788 945 779 
887 498 955 504 829 492 1006 512 780 484 1053 509 900 615 933 615 886 706 934 701 879 788 945 779 
887 498 955 504 829 492 1006 512 780 483 1053 508 900 615 933 615 886 706 934 701 879 788 944 779 
887 497 955 504 829 492 1006 512 780 483 1053 508 900 615 933 615 886 706 934 701 879 788 944 779 
887 497 955 504 829 492 1006 512 779 483 1053 508 900 614 933 615 886 706 934 701 879 787 944 779 
887 497 955 504 829 492 1006 511 779 483 1053 508 900 614 933 615 886 706 934 701 879 787 944 779 
887 497 955 504 829 492 1006 511 779 483 1053 508 899 614 933 615 886 705 934 701 879 787 944 779 
887 497 955 504 829 492 1006 511 779 483 1053 508 899 614 933 614 886 705 934 701 879 787 944 779 
887 497 955 504 829 492 1006 511 779 483 1053 508 899 614 933 614 886 705 934 701 879 787 944 779 
887 497 955 504 829 492 1006 511 779 483 1053 508 899 614 933 614 886 705 934 701 879 787 944 779 
887 497 955 504 829 492 1006 511 779 483 1053 508 899 614 933 614 886 705 934 701 879 787 944 779 
886 497 955 504 829 492 1006 511 779 483 1053 508 899 614 933 614 886 705 934 700 879 787 944 779 
886 497 955 504 829 492 1006 511 779 483 1053 508 898 614 932 615 886 705 934 701 879 788 944 779 
886 497 955 504 829 492 1006 511 779 483 1053 508 898 614 932 615 885 706 934 701 878 789 944 779 
886 497 955 504 829 492 1006 511 779 483 1052 508 898 614 932 614 885 706 933 701 878 789 944 779 
886 497 955 504 829 492 1006 511 779 483 1051 508 898 614 932 614 885 706 933 701 878 789 944 779 
886 497 955 504 829 491 1006 511 779 483 1051 508 897 614 932 614 885 706 933 701 878 789 944 779 
886 497 955 504 829 491 1006 511 779 483 1050 508 897 614 932 614 885 706 933 700 878 789 944 779 
886 497 955 504 829 491 1006 511 779 483 1050 507 897 614 932 614 885 706 933 700 878 789 944 779 
886 497 955 504 829 491 1006 511 779 483 1050 507 897 614 932 614 885 706 933 700 878 789 944 779 
886 497 954 504 829 491 1006 511 779 483 1050 507 897 614 931 614 885 706 933 700 878 789 944 779 
886 497 954 504 829 491 1005 511 779 482 1050 507 897 614 931 614 885 706 933 700 878 789 944 779 
886 497 954 504 829 491 1005 511 779 482 1050 506 897 614 931 614 885 705 933 700 878 789 944 779 
886 497 954 504 828 491 1005 511 778 482 1050 506 897 614 931 614 885 705 933 700 878 788 944 779 
886 497 954 504 828 491 1005 511 778 482 1050 506 897 614 931 614 885 705 933 700 878 788 944 779 
886 497 953 504 828 491 1005 511 778 482 1050 506 897 614 931 614 885 705 933 699 878 788 944 779 
885 497 953 504 828 491 1005 511 778 482 1050 506 897 614 931 614 885 705 933 699 878 788 944 778 
885 497 953 504 828 491 1005 511 778 482 1050 506 897 614 931 614 885 705 933 699 878 788 944 778 
885 497 953 504 828 491 1005 511 778 482 1050 506 897 614 931 614 885 705 933 699 878 788 944 778 
885 497 953 504 828 491 1005 511 778 482 1050 506 896 614 931 614 885 705 933 699 878 788 944 778 
885 497 953 504 828 491 1005 511 778 482 1050 506 896 614 931 614 885 705 933 699 878 788 944 778 
885 497 953 504 828 491 1004 511 778 483 1050 506 896 614 931 614 885 705 933 699 878 788 944 778 
885 497 952 504 827 491 1004 511 778 483 1049 506 896 614 931 614 885 705 932 699 878 788 944 778 
885 497 952 504 827 492 1004 511 778 483 1049 506 896 614 931 614 885 705 932 699 878 788 944 778 
885 497 952 504 827 492 1004 511 777 484 1049 506 896 614 931 614 885 705 932 699 878 788 944 778 
885 497 952 504 827 492 1004 511 777 484 1049 506 896 614 931 614 885 705 932 699 878 788 944 778 
885 497 952 504 827 492 1004 511 777 484 1049 506 896 614 931 614 885 705 932 699 878 788 944 778 
885 497 952 504 827 492 1004 511 777 484 1049 506 896 614 931 614 885 705 932 699 878 788 944 778 
885 497 952 504 827 492 1004 511 777 484 1049 506 896 614 931 614 885 705 932 699 878 788 944 778 
885 497 952 504 827 492 1004 511 777 484 1050 506 896 614 931 614 885 705 932 699 878 787 944 778 
885 497 952 505 827 492 1004 511 778 484 1050 506 896 614 931 614 885 705 932 699 878 787 944 778 
885 497 952 505 827 492 1004 511 778 484 1050 506 896 614 931 614 885 705 932 699 878 787 944 778 
885 497 952 505 827 492 1004 510 778 484 1050 505 896 614 931 614 885 705 932 700 878 787 944 778 
885 497 952 505 828 492 1004 510 778 484 1051 505 896 614 931 614 885 706 932 701 879 788 944 778 
885 497 952 505 828 492 1004 510 778 484 1051 505 897 614 931 614 885 706 932 701 879 789 944 778 
885 497 952 505 828 493 1004 510 778 484 1051 505 897 614 931 614 885 706 932 701 879 789 944 778 
885 497 952 505 828 493 1004 510 777 484 1051 505 897 614 931 614 885 706 932 701 879 789 944 778 
885 497 952 505 827 493 1004 510 777 484 1051 505 897 614 931 614 885 706 932 701 879 789 944 778 
885 497 952 505 827 493 1004 510 777 484 1051 505 897 614 931 614 885 706 932 701 879 789 944 778 
885 497 952 505 827 493 1004 510 777 485 1051 505 897 614 931 614 885 706 932 701 879 788 944 778 
885 497 952 505 827 493 1004 510 777 485 1051 505 897 614 931 614 885 706 932 701 879 787 944 778 
885 497 952 505 827 493 1004 510 777 485 1051 505 897 614 931 614 885 705 932 701 879 787 944 778 
885 497 952 505 827 493 1004 510 777 485 1051 505 897 614 931 614 885 706 931 701 879 787 944 778 
885 497 952 505 827 493 1004 510 777 485 1051 505 897 614 931 614 885 706 931 701 879 788 944 779 
885 497 952 505 827 493 1004 510 777 485 1051 505 897 614 931 614 885 706 931 701 879 788 944 779 
885 497 952 505 828 494 1004 510 778 485 1051 505 897 614 931 614 885 706 931 701 879 788 944 779 
885 497 952 505 828 494 1004 510 778 486 1051 505 897 614 931 614 885 706 931 701 879 788 944 779 
885 497 952 505 828 494 1004 510 778 486 1051 505 897 614 931 614 885 706 931 701 879 788 944 779 
885 498 952 505 828 494 1004 510 778 486 1051 505 897 614 931 614 885 706 931 701 879 788 944 779 
885 498 952 505 828 495 1004 510 778 486 1050 505 897 614 931 614 885 706 931 701 879 788 944 779 
885 498 952 505 828 495 1004 510 779 486 1050 505 897 614 931 614 885 706 931 701 879 788 944 779 
885 498 952 505 828 495 1004 510 779 486 1050 505 898 614 931 614 885 706 931 701 879 788 944 779 
885 498 952 505 828 495 1004 510 779 486 1050 505 898 614 931 614 885 706 931 701 879 788 944 779 
885 498 953 505 828 495 1004 510 779 486 1050 505 898 614 931 614 885 706 931 701 879 788 944 779 
885 498 953 505 828 495 1004 510 779 486 1049 505 898 614 931 614 885 706 931 701 879 788 944 779 
885 498 953 505 828 495 1003 510 779 486 1049 505 898 614 931 614 885 706 931 701 879 788 944 779 
885 498 952 505 828 495 1003 510 779 486 1049 505 898 614 931 614 885 706 931 701 879 788 944 779 
885 498 952 505 831 495 1003 510 783 487 1049 506 898 614 931 614 885 706 931 701 879 788 944 779 
885 498 952 505 833 495 1003 510 787 486 1049 506 898 614 931 614 885 706 931 701 879 788 944 779 
885 497 952 505 835 495 1002 511 791 486 1049 506 898 614 931 614 885 706 931 701 879 788 944 779 
885 497 952 505 836 495 1002 511 792 486 1049 506 898 614 931 614 885 706 931 701 879 788 944 779 
885 497 952 505 836 495 1002 511 792 487 1048 506 898 614 931 614 885 706 931 701 879 788 944 779 
884 497 952 505 836 495 1002 510 791 487 1049 506 898 614 931 614 885 706 931 702 879 787 944 780 
884 497 952 505 835 495 1002 510 790 486 1049 506 898 614 931 614 885 705 931 702 880 786 944 780 
884 497 952 505 835 495 1002 510 790 486 1049 506 898 614 931 614 885 705 931 702 880 787 944 780 
884 497 951 505 835 495 1002 510 790 486 1050 506 898 614 931 614 885 706 931 703 879 787 944 781 
884 497 951 505 835 495 1002 510 790 486 1050 506 898 614 931 614 885 706 931 703 879 788 944 781 
883 497 951 505 835 495 1002 510 790 486 1049 506 898 614 931 614 884 706 932 703 879 788 944 781 
883 497 951 505 835 495 1002 510 790 486 1049 506 898 614 931 614 884 706 932 703 879 789 944 781 
883 497 951 505 836 495 1002 510 790 486 1049 506 897 614 931 614 884 706 932 703 879 789 944 781 
883 497 951 505 836 495 1002 510 789 486 1049 506 897 614 931 615 884 706 932 704 879 789 944 781 
883 497 951 505 835 495 1002 510 786 486 1049 506 897 614 931 615 884 707 932 704 879 789 944 781 
883 497 951 505 835 495 1002 510 785 486 1049 506 897 614 931 615 884 706 932 704 879 789 944 781 
883 497 951 505 834 495 1002 510 785 487 1049 506 897 614 931 615 884 706 932 704 879 789 944 781 
883 497 951 505 833 495 1002 510 785 487 1049 506 897 614 930 615 884 706 931 704 879 789 944 781 
883 497 951 505 833 495 1002 510 785 487 1049 506 897 614 930 615 884 706 931 703 879 789 944 781 
883 497 951 505 832 495 1002 510 785 487 1049 506 897 614 930 614 884 706 931 703 879 789 944 781 
883 497 950 505 831 495 1002 510 783 487 1049 507 897 614 930 615 884 706 931 703 879 789 944 781 
883 497 950 505 831 495 1002 510 782 487 1048 507 897 614 930 615 884 706 931 703 879 789 944 781 
883 497 950 505 831 495 1001 510 782 488 1048 507 897 614 930 615 884 706 931 703 878 789 944 781 
883 497 950 505 830 495 1001 510 781 487 1048 507 897 614 930 615 884 706 931 703 878 789 944 781 
883 497 950 505 830 495 1001 510 781 487 1048 507 897 614 930 615 884 706 931 703 878 790 944 781 
884 497 950 505 830 495 1001 510 780 487 1048 507 897 614 930 615 884 707 931 703 878 790 944 781 
884 497 950 505 830 494 1001 510 779 487 1049 507 897 614 930 615 884 707 931 703 878 790 944 781 
884 497 950 505 829 494 1001 510 779 486 1049 507 897 614 930 615 884 707 931 703 878 790 944 781 
883 497 950 505 829 494 1001 510 779 486 1048 507 897 614 930 615 884 707 931 703 878 790 944 781 
883 497 950 505 829 494 1001 510 779 486 1048 507 897 614 930 615 884 707 931 703 878 790 944 781 
883 497 950 505 829 494 1001 510 779 486 1048 507 896 614 930 615 884 706 931 703 878 790 944 780 
883 497 950 505 828 494 1001 510 779 486 1048 508 896 614 930 615 884 706 931 703 878 790 944 780 
883 497 950 505 828 494 1001 510 779 485 1049 508 896 615 930 615 884 706 931 703 878 790 944 780 
883 497 950 505 827 494 1001 511 778 485 1049 508 896 615 929 615 884 706 931 703 878 790 944 780 
883 497 950 505 827 494 1002 511 778 485 1049 508 896 615 929 615 883 707 931 703 878 790 944 780 
883 497 950 505 827 493 1002 511 778 484 1049 508 896 615 929 615 883 706 931 703 878 789 944 780 
884 497 951 505 827 493 1002 511 778 484 1049 509 895 615 929 615 883 706 931 702 878 789 944 780 
884 497 951 505 827 493 1002 511 778 484 1049 509 895 615 929 615 883 705 931 702 878 788 944 780 
884 497 951 505 827 492 1002 511 778 484 1049 509 895 615 929 615 883 705 931 702 878 788 944 779 
884 497 951 505 828 492 1002 511 778 483 1049 509 895 615 929 615 883 705 931 701 878 786 944 779 
884 497 951 505 828 492 1002 511 778 483 1049 509 895 615 929 615 883 704 931 701 878 786 945 779 
884 497 951 505 828 492 1002 511 778 484 1049 509 895 615 929 615 883 704 931 701 878 785 945 778 
884 497 951 505 828 492 1002 511 778 484 1049 509 895 614 929 615 883 704 931 701 878 785 945 778 
884 497 951 505 828 492 1002 511 779 483 1049 509 895 614 929 614 883 703 931 701 878 784 945 778 
884 497 951 505 828 492 1002 511 779 483 1049 509 895 614 929 614 883 703 931 701 878 784 945 778 
884 497 951 505 828 492 1002 511 779 483 1049 508 895 614 929 614 883 703 931 701 878 785 945 778 
884 497 951 505 828 492 1002 511 779 483 1049 508 895 614 929 614 883 703 931 701 878 785 945 778 
884 497 951 505 828 492 1002 511 779 483 1049 507 895 614 929 614 883 703 931 701 878 785 945 778 
884 497 951 505 828 492 1002 511 779 483 1049 507 895 614 929 614 883 703 931 700 878 785 945 778 
884 497 951 505 828 492 1002 510 779 483 1049 506 895 614 929 614 883 703 931 700 878 785 945 778 
884 497 951 505 829 492 1002 510 779 483 1049 506 895 614 929 614 883 703 931 699 878 785 945 778 
884 497 951 505 829 492 1002 510 779 483 1049 506 896 614 929 614 883 703 931 699 878 785 945 778 
884 497 951 505 829 492 1002 510 780 483 1049 506 896 614 929 614 883 703 931 699 878 786 945 778 
884 497 951 505 829 492 1002 510 780 483 1049 506 896 614 929 614 883 703 931 699 878 786 945 778 
884 497 951 505 829 492 1002 510 780 483 1049 506 896 614 929 614 883 703 931 699 878 786 945 778 
884 497 951 505 829 492 1002 510 780 483 1049 506 896 614 930 614 883 703 931 699 878 786 945 778 
884 497 951 505 829 492 1002 510 781 483 1049 506 896 613 930 614 883 703 931 699 878 786 945 778 
884 497 951 505 830 492 1002 510 781 484 1049 506 897 613 930 614 883 703 931 699 878 786 945 778 
884 497 951 505 830 492 1002 510 782 484 1049 506 897 613 930 614 883 704 931 699 878 786 945 778 
884 497 951 505 831 492 1002 510 783 484 1049 506 897 613 930 614 883 704 931 699 878 786 945 778 
884 497 951 505 832 492 1002 510 785 484 1049 506 897 613 930 614 883 704 931 699 878 786 945 778 
884 497 951 505 833 492 1002 510 786 484 1049 506 897 613 930 614 883 704 931 699 878 786 945 778 
884 497 951 505 833 492 1002 510 787 484 1049 506 897 613 930 614 884 704 931 699 878 786 945 778 
884 497 951 504 834 492 1002 510 787 484 1049 506 897 613 930 614 884 704 931 699 878 786 945 778 
884 497 951 504 834 493 1002 510 787 484 1050 505 897 613 930 614 884 704 931 699 878 786 945 778 
884 497 951 504 834 493 1002 510 787 484 1050 505 897 614 930 614 884 705 931 700 878 787 945 778 
884 497 951 504 834 493 1002 510 786 483 1050 504 897 614 930 614 884 706 931 701 878 787 945 778 
884 497 951 504 834 494 1002 510 785 483 1050 504 897 614 930 614 884 706 931 701 878 787 945 778 
884 497 951 504 834 494 1002 510 785 483 1050 503 897 614 930 614 883 706 931 701 879 787 945 778 
884 497 951 504 834 494 1002 510 785 483 1050 503 897 614 930 614 883 706 931 701 879 787 945 778 
884 497 951 504 834 494 1002 510 785 483 1049 503 897 614 930 614 884 706 931 701 879 787 945 778 
884 497 951 504 833 494 1002 510 785 484 1049 503 897 614 930 615 884 706 931 701 879 787 945 778 
884 498 951 504 832 494 1002 510 784 484 1049 503 897 614 930 615 884 706 931 701 878 788 945 778 
884 498 951 504 831 494 1002 510 784 484 1049 503 897 614 931 615 884 706 931 701 878 788 945 778 
884 498 951 504 831 494 1002 510 784 484 1049 503 897 614 931 615 884 706 931 701 878 788 945 779 
884 498 951 504 831 494 1002 510 784 484 1049 503 897 614 931 615 884 706 931 701 879 788 945 779 
884 498 951 504 831 494 1002 510 784 484 1049 503 897 614 931 615 884 706 931 701 879 788 945 779 
883 498 951 504 831 494 1002 510 784 484 1049 503 897 614 931 615 884 706 931 701 879 788 945 779 
883 498 951 504 831 494 1002 509 784 484 1049 503 897 614 931 615 884 706 931 701 879 788 945 779 
883 498 951 504 831 493 1002 509 783 484 1049 503 897 614 931 615 884 706 931 701 879 788 945 779 
883 498 951 504 830 493 1002 509 783 484 1049 503 897 614 931 615 884 707 931 701 879 789 944 779 
883 498 951 504 829 493 1002 509 783 484 1049 503 897 614 931 615 884 707 931 701 879 789 945 779 
884 498 951 504 829 493 1002 509 783 485 1049 503 897 614 931 615 884 707 932 701 879 789 945 779 
884 498 951 504 829 493 1002 509 784 485 1049 503 897 614 931 615 884 707 932 701 879 789 944 779 
884 498 951 504 829 493 1002 509 784 485 1049 503 897 614 931 615 884 707 932 701 879 789 944 779 
884 498 951 504 830 493 1002 509 784 485 1049 503 897 614 931 615 884 707 932 701 879 789 944 779 
884 498 951 504 829 493 1002 509 784 485 1049 503 897 614 931 614 884 707 932 701 879 788 944 779 
884 498 951 504 829 493 1002 509 784 485 1049 503 897 614 931 614 884 707 932 700 879 788 944 779 
884 498 951 504 828 493 1002 509 782 485 1049 503 897 614 931 614 884 707 932 700 879 788 944 778 
884 498 951 504 827 493 1002 509 781 485 1049 503 897 614 931 614 884 707 932 700 879 788 944 778 
884 498 951 504 826 493 1002 509 777 485 1049 503 897 614 931 614 884 707 932 700 879 788 944 778 
884 498 951 504 825 493 1002 509 775 485 1049 503 897 614 931 614 884 707 932 700 879 788 944 778 
884 498 951 504 825 493 1002 509 774 485 1049 503 897 614 931 614 884 707 932 700 879 788 944 778 
884 498 951 504 825 493 1002 509 774 485 1049 502 897 614 931 614 884 707 932 700 878 788 944 778 
884 498 951 504 824 493 1002 509 774 485 1049 502 897 614 931 614 884 707 932 700 878 788 944 778 
884 498 951 504 824 493 1002 509 773 485 1049 502 897 614 931 614 884 706 932 700 878 788 944 779 
883 498 951 504 824 493 1002 509 773 485 1049 503 897 614 931 614 883 706 932 701 878 788 944 779 
883 498 951 504 824 493 1002 509 773 485 1049 503 897 614 931 614 883 706 932 701 878 788 944 780 
883 498 951 504 823 493 1002 509 773 485 1049 503 897 614 931 614 883 706 932 701 878 789 944 780 
883 498 951 504 823 493 1002 509 773 485 1049 503 897 614 931 615 883 706 932 701 878 790 944 780 
883 497 951 504 823 493 1002 509 773 485 1049 503 897 614 931 615 883 706 932 701 878 791 944 780 
883 497 951 504 823 493 1002 509 773 485 1049 503 897 614 931 615 883 706 932 702 878 791 944 780 
883 497 951 504 823 493 1002 509 773 484 1049 503 897 614 931 615 883 706 932 702 878 791 944 780 
883 497 951 504 823 493 1002 509 773 484 1049 503 897 614 931 615 883 706 932 702 877 791 944 780 
883 497 951 504 823 493 1002 509 773 484 1049 503 897 614 931 615 883 706 932 702 877 791 944 780 
883 497 951 504 823 493 1002 509 773 484 1049 503 897 615 931 615 884 707 932 702 877 791 944 780 
883 497 951 504 824 493 1002 509 773 484 1049 503 897 615 931 615 884 707 932 702 877 791 944 780 
883 498 951 504 824 493 1002 509 774 484 1049 503 897 615 931 615 884 707 932 702 877 791 944 780 
883 498 951 504 824 493 1002 509 774 484 1049 503 897 615 930 615 884 707 932 702 877 791 944 780 
883 498 951 504 823 493 1002 509 773 484 1049 503 897 615 930 615 884 707 932 702 877 791 944 780 
883 498 951 504 823 493 1002 509 773 484 1049 503 897 615 930 615 884 706 931 702 877 791 944 780 
883 498 951 504 824 493 1002 509 774 484 1049 503 897 615 930 615 884 706 931 702 877 790 944 780 
883 498 951 504 824 493 1001 509 774 484 1049 504 897 614 930 615 884 705 931 702 877 790 944 780 
883 498 951 504 824 493 1001 509 774 484 1049 504 897 614 930 615 884 705 931 702 877 790 944 780 
883 498 951 505 824 493 1001 509 774 484 1049 505 897 614 930 615 884 705 931 702 877 790 944 781 
882 498 950 505 824 493 1001 510 774 484 1048 505 897 614 930 615 884 705 931 702 877 790 944 781 
882 498 950 505 824 493 1001 510 774 485 1048 506 897 614 930 615 884 705 931 702 877 790 944 781 
882 497 950 505 824 493 1001 510 774 485 1048 506 897 614 930 615 884 705 931 702 877 790 944 781 
882 497 950 505 824 493 1001 510 774 485 1048 507 897 614 930 615 884 705 931 702 877 790 944 781 
882 497 950 505 824 493 1001 510 774 486 1048 507 897 614 930 615 884 705 931 702 877 790 944 781 
882 497 950 505 824 493 1001 510 774 486 1048 507 896 614 930 615 884 705 931 702 878 790 944 781 
882 497 950 505 824 493 1001 510 774 486 1048 507 896 614 930 615 883 706 931 702 878 790 944 781 
882 497 950 505 824 493 1001 510 774 486 1048 507 896 615 930 615 883 706 931 702 878 790 944 781 
882 497 950 505 824 493 1001 510 775 485 1048 507 896 615 930 615 883 706 931 702 878 790 944 781 
882 497 950 505 824 493 1001 510 775 485 1048 506 896 614 930 615 883 706 931 702 878 790 944 781 
882 497 950 505 824 493 1002 510 775 485 1048 506 896 615 930 615 883 706 931 702 878 789 944 781 
882 497 951 505 825 493 1002 510 775 485 1049 505 896 614 930 615 884 706 931 702 878 788 944 781 
882 497 951 505 825 493 1002 510 776 485 1049 504 896 614 930 615 884 706 931 702 878 788 944 781 
883 497 951 505 825 493 1003 510 776 484 1049 503 896 614 930 615 884 706 931 702 878 787 944 781 
883 497 951 505 825 493 1003 510 776 484 1049 503 896 614 930 615 884 706 931 702 879 787 944 781 
883 497 951 505 825 493 1003 510 776 484 1049 503 896 614 930 615 884 705 931 702 879 787 944 781 
883 497 951 505 825 493 1003 510 777 484 1049 502 896 614 930 615 884 705 931 702 879 787 944 781 
883 497 951 505 825 493 1003 510 777 484 1049 502 896 614 930 615 884 705 931 701 879 787 944 781 
883 497 951 505 826 493 1003 510 777 484 1050 502 896 614 930 615 884 705 931 701 879 786 944 780 
883 497 951 505 826 493 1004 510 777 484 1050 502 896 614 930 615 884 705 931 701 879 786 945 780 
883 497 951 505 827 493 1004 510 778 484 1050 502 896 614 930 615 884 704 932 700 879 785 945 780 
883 498 952 505 827 493 1004 510 778 484 1050 502 897 614 930 615 884 704 932 700 879 784 945 780 
883 498 952 505 827 493 1004 510 778 484 1051 502 897 614 930 615 884 704 932 700 879 784 945 780 
884 498 952 505 827 493 1004 510 778 484 1051 502 897 614 930 615 884 704 932 700 879 784 945 780 
884 498 952 505 827 493 1004 510 778 484 1051 502 897 614 930 615 884 704 932 700 879 785 945 780 
884 498 953 505 827 492 1004 510 778 484 1051 502 897 614 930 615 884 704 932 700 879 785 945 779 
885 498 953 505 828 492 1004 510 778 483 1050 502 897 614 930 614 884 704 932 699 879 784 945 779 
885 498 953 505 828 492 1004 510 778 483 1050 502 897 614 930 614 884 704 932 699 879 784 945 779 
885 498 953 505 828 492 1004 509 778 483 1050 502 897 614 930 614 884 704 932 699 879 784 945 779 
885 497 953 505 828 492 1004 509 778 482 1050 503 897 614 930 614 884 704 932 699 879 784 945 778 
886 497 954 505 828 492 1004 509 778 482 1050 503 897 614 930 614 884 705 932 699 879 785 945 778 
886 497 954 505 828 492 1004 509 778 482 1050 503 897 614 930 614 884 705 932 699 879 785 945 778 
886 497 954 505 828 492 1004 509 778 482 1050 503 897 614 930 614 884 705 932 699 879 785 944 778 
886 497 954 505 828 492 1004 510 778 482 1050 503 897 614 930 614 884 705 932 699 879 786 944 778 
886 497 954 505 828 491 1004 510 778 482 1050 503 897 614 930 614 884 705 932 699 879 787 944 778 
887 497 954 505 828 491 1005 510 778 482 1051 503 897 614 930 614 884 705 932 699 879 787 944 778 
887 497 954 505 828 491 1005 510 778 482 1051 503 897 614 930 614 884 705 932 700 879 787 944 778 
887 497 954 505 828 491 1005 510 778 481 1051 503 897 614 930 614 884 705 932 700 879 787 944 779 
887 497 954 505 828 491 1005 510 778 481 1051 503 897 614 930 614 884 706 932 700 879 787 944 779 
887 497 954 505 828 491 1005 510 778 481 1051 503 897 614 930 614 884 706 932 700 879 787 944 779 
887 497 954 505 828 491 1005 510 778 481 1051 503 897 614 930 615 884 706 931 701 879 787 944 779 
887 497 954 505 828 491 1005 510 778 481 1051 503 897 614 930 615 884 706 931 702 879 788 944 780 
886 497 954 505 828 491 1005 510 778 481 1051 503 897 614 930 615 884 707 931 703 879 788 944 780 
886 497 954 504 828 491 1005 510 778 482 1052 503 897 614 930 615 884 707 931 703 879 788 944 780 
886 497 954 504 828 491 1005 510 778 482 1052 503 897 614 930 615 884 707 931 703 879 788 944 780 
886 497 954 504 828 491 1005 510 779 482 1052 504 897 614 930 615 884 707 931 703 879 787 944 781 
886 497 954 504 828 491 1005 510 779 482 1052 504 897 614 930 615 884 707 931 703 879 787 945 781 
886 497 954 504 828 491 1005 510 779 482 1052 504 897 614 930 615 884 707 931 703 879 787 945 781 
886 497 954 504 828 491 1005 510 779 482 1051 505 897 614 930 615 884 707 931 703 879 787 945 781 
886 497 954 504 828 491 1005 510 779 482 1051 505 897 614 930 615 884 707 931 703 879 787 945 781 
886 497 954 505 828 491 1005 510 778 482 1051 506 898 614 930 615 884 706 931 703 879 786 945 781 
886 497 954 505 828 492 1005 511 778 483 1051 509 898 614 930 615 884 706 931 703 879 786 945 780 
886 497 954 505 827 494 1005 514 777 486 1051 511 898 614 930 615 884 706 931 703 879 786 945 780 
886 497 954 505 827 496 1004 518 777 489 1051 515 898 614 931 615 884 706 931 703 879 786 945 780 
886 498 953 505 827 500 1004 522 776 495 1051 520 898 614 931 615 884 706 931 703 879 786 945 780 
887 498 953 506 829 507 1000 525 776 503 1050 526 898 614 931 615 884 706 931 703 879 786 945 780 
887 499 953 507 831 513 997 530 777 512 1047 535 898 614 931 615 884 706 931 703 879 787 945 781 
887 499 952 507 834 518 991 535 778 522 1038 546 898 614 931 615 884 706 931 703 879 787 945 781 
887 500 951 508 838 525 988 540 781 534 1027 555 898 614 932 615 884 706 931 703 879 787 945 781 
887 501 950 509 840 533 985 548 785 544 1021 568 898 614 932 615 884 706 931 703 879 788 945 781 
887 501 950 509 844 539 981 553 794 557 1015 582 899 614 932 615 884 707 932 703 879 788 945 781 
888 503 949 509 848 546 975 555 800 571 1002 589 899 614 932 615 884 707 932 703 879 789 945 781 
888 503 949 509 851 550 969 559 808 581 990 601 899 615 932 615 884 707 932 703 879 790 945 781 
888 504 948 510 856 553 965 565 818 588 981 613 898 616 932 616 884 708 932 704 879 790 945 781 
888 504 948 510 861 556 958 568 825 598 971 618 898 617 932 617 883 709 932 704 879 791 945 781 
888 504 948 511 867 559 954 569 836 605 961 622 897 617 932 618 883 709 931 704 878 791 945 781 
888 504 947 511 872 560 951 569 843 611 952 620 897 617 932 618 881 709 931 704 878 792 945 781 
887 504 946 512 874 563 950 571 850 616 949 621 896 617 931 618 880 709 931 704 878 792 944 781 
886 505 945 512 875 565 950 571 858 621 951 622 894 617 930 618 878 709 930 702 878 792 944 781 
884 505 943 511 876 566 949 571 864 623 952 622 894 617 930 618 876 710 928 701 877 792 944 781 
883 506 941 512 875 567 949 572 868 623 954 624 892 617 928 619 874 711 927 702 877 792 943 780 
881 506 939 512 876 566 949 571 870 623 955 623 891 617 926 619 873 712 926 703 877 792 942 779 
880 506 936 512 876 565 949 571 871 622 957 623 890 617 924 619 871 712 924 703 877 792 942 779 
879 506 932 512 875 565 946 570 870 623 956 622 887 617 921 619 870 712 923 703 877 792 941 779 
877 507 928 513 874 568 944 569 867 624 956 621 885 618 919 619 868 712 921 703 876 792 940 779 
875 508 925 513 874 568 942 569 864 626 955 620 883 618 915 619 867 712 918 703 876 792 939 778 
873 508 921 513 873 569 940 569 862 626 953 619 880 619 912 620 866 712 915 703 876 792 938 778 
872 509 918 513 870 570 937 569 859 627 949 619 878 621 909 621 865 713 912 703 876 793 938 778 
871 509 915 513 868 570 935 569 853 627 942 619 875 622 905 622 863 713 906 702 875 794 935 777 
871 510 912 513 866 572 931 569 846 627 936 618 871 625 900 624 862 714 899 702 872 797 933 775 
869 511 910 515 862 573 927 569 839 626 925 618 869 625 896 624 862 713 887 700 871 796 928 767 
869 513 909 517 860 574 924 571 832 626 916 619 867 624 894 624 862 712 879 699 871 796 921 761 
869 515 907 517 859 575 920 573 829 625 906 618 866 625 891 625 861 709 872 697 871 796 914 755 
867 517 904 518 856 578 916 573 825 625 895 606 864 627 889 627 861 709 867 696 872 794 906 750 
867 518 901 518 854 580 902 571 821 625 883 592 863 629 887 628 857 707 862 695 872 790 895 749 
867 520 895 518 854 581 893 571 820 626 877 597 863 630 885 629 850 705 857 696 875 778 884 751 
867 521 891 518 854 583 889 570 819 627 876 596 862 629 882 629 842 705 857 697 876 770 876 762 
868 521 886 518 854 583 878 573 819 627 868 616 863 629 876 630 828 702 848 703 876 765 867 781 
868 520 876 518 855 583 866 577 819 630 850 621 863 629 868 630 837 709 836 704 870 765 865 777 
869 520 868 519 856 583 863 579 821 631 847 627 864 629 861 629 848 718 814 701 863 790 858 776 
869 520 866 520 858 584 863 580 822 632 849 630 864 631 859 631 851 723 808 701 863 794 852 776 
