1183 922 1138 841 1237 905 1050 797 1325 863 1022 727 880 904 900 833 766 886 887 696 780 822 908 684 
-1 -1 -1 -1 -1 -1 -1 -1 -1 -1 -1 -1 -1 -1 -1 -1 -1 -1 -1 -1 -1 -1 -1 -1 
1171 902 1117 818 1217 867 1014 761 1338 829 983 667 891 890 915 824 783 853 993 709 777 911 939 608 
1093 916 1037 838 1219 867 1023 761 1332 832 1080 667 842 913 861 846 757 855 984 710 778 894 934 583 
1090 924 997 840 1210 874 955 738 1331 833 967 575 841 919 832 857 860 848 951 712 844 832 934 571 
1106 931 1037 838 1211 874 969 740 1331 837 972 609 851 926 851 855 880 848 904 719 838 842 923 742 
1093 947 1022 875 1211 885 980 774 1317 831 1000 665 842 953 834 892 903 864 931 763 827 879 971 690 
1106 917 1037 822 1207 883 984 745 1320 832 1004 635 842 917 849 842 883 848 931 730 820 881 921 665 
1098 932 1043 855 1207 877 1037 777 1316 831 1102 695 834 934 849 871 879 848 949 738 794 883 930 650 
-1 -1 -1 -1 -1 -1 -1 -1 -1 -1 -1 -1 -1 -1 -1 -1 -1 -1 -1 -1 -1 -1 -1 -1 
1130 890 1114 814 1236 862 1126 773 1365 834 1191 724 868 876 903 811 789 849 991 679 796 907 952 573 
1115 906 1096 841 1230 863 1111 786 1360 835 1191 757 867 899 903 842 832 850 997 706 800 926 985 577 
1112 907 1097 851 1217 863 1150 803 1351 836 1273 777 864 899 890 849 845 843 958 720 799 844 919 671 
-1 -1 -1 -1 -1 -1 -1 -1 -1 -1 -1 -1 -1 -1 -1 -1 -1 -1 -1 -1 -1 -1 -1 -1 
1131 911 1116 832 1212 858 1124 765 1365 842 1195 688 873 895 904 831 810 877 963 703 767 871 970 631 
-1 -1 -1 -1 -1 -1 -1 -1 -1 -1 -1 -1 -1 -1 -1 -1 -1 -1 -1 -1 -1 -1 -1 -1 
-1 -1 -1 -1 -1 -1 -1 -1 -1 -1 -1 -1 -1 -1 -1 -1 -1 -1 -1 -1 -1 -1 -1 -1 
-1 -1 -1 -1 -1 -1 -1 -1 -1 -1 -1 -1 -1 -1 -1 -1 -1 -1 -1 -1 -1 -1 -1 -1 
-1 -1 -1 -1 -1 -1 -1 -1 -1 -1 -1 -1 -1 -1 -1 -1 -1 -1 -1 -1 -1 -1 -1 -1 
-1 -1 -1 -1 -1 -1 -1 -1 -1 -1 -1 -1 -1 -1 -1 -1 -1 -1 -1 -1 -1 -1 -1 -1 
1099 923 1055 819 1211 868 1005 728 1323 842 989 579 855 907 880 833 792 884 937 701 772 860 932 652 
1097 929 1058 872 1222 868 1113 801 1335 840 1191 735 841 942 855 890 802 861 920 756 771 929 924 736 
1109 922 1064 857 1222 868 1076 795 1336 837 1138 711 860 935 860 873 803 850 947 750 762 906 924 738 
-1 -1 -1 -1 -1 -1 -1 -1 -1 -1 -1 -1 -1 -1 -1 -1 -1 -1 -1 -1 -1 -1 -1 -1 
-1 -1 -1 -1 -1 -1 -1 -1 -1 -1 -1 -1 -1 -1 -1 -1 -1 -1 -1 -1 -1 -1 -1 -1 
-1 -1 -1 -1 -1 -1 -1 -1 -1 -1 -1 -1 -1 -1 -1 -1 -1 -1 -1 -1 -1 -1 -1 -1 
1081 941 1054 906 1224 870 1161 827 1357 838 1280 816 815 963 824 931 696 815 709 828 743 923 809 917 
-1 -1 -1 -1 -1 -1 -1 -1 -1 -1 -1 -1 -1 -1 -1 -1 -1 -1 -1 -1 -1 -1 -1 -1 
-1 -1 -1 -1 -1 -1 -1 -1 -1 -1 -1 -1 -1 -1 -1 -1 -1 -1 -1 -1 -1 -1 -1 -1 
-1 -1 -1 -1 -1 -1 -1 -1 -1 -1 -1 -1 -1 -1 -1 -1 -1 -1 -1 -1 -1 -1 -1 -1 
-1 -1 -1 -1 -1 -1 -1 -1 -1 -1 -1 -1 -1 -1 -1 -1 -1 -1 -1 -1 -1 -1 -1 -1 
-1 -1 -1 -1 -1 -1 -1 -1 -1 -1 -1 -1 -1 -1 -1 -1 -1 -1 -1 -1 -1 -1 -1 -1 
1106 935 1091 901 1227 867 1174 830 1360 825 1305 811 846 955 855 926 841 841 777 807 776 939 770 911 
1106 915 1079 864 1227 868 1141 812 1360 832 1246 767 846 943 845 900 923 892 892 782 895 883 913 862 
-1 -1 -1 -1 -1 -1 -1 -1 -1 -1 -1 -1 -1 -1 -1 -1 -1 -1 -1 -1 -1 -1 -1 -1 
-1 -1 -1 -1 -1 -1 -1 -1 -1 -1 -1 -1 -1 -1 -1 -1 -1 -1 -1 -1 -1 -1 -1 -1 
-1 -1 -1 -1 -1 -1 -1 -1 -1 -1 -1 -1 -1 -1 -1 -1 -1 -1 -1 -1 -1 -1 -1 -1 
-1 -1 -1 -1 -1 -1 -1 -1 -1 -1 -1 -1 -1 -1 -1 -1 -1 -1 -1 -1 -1 -1 -1 -1 
-1 -1 -1 -1 -1 -1 -1 -1 -1 -1 -1 -1 -1 -1 -1 -1 -1 -1 -1 -1 -1 -1 -1 -1 
-1 -1 -1 -1 -1 -1 -1 -1 -1 -1 -1 -1 -1 -1 -1 -1 -1 -1 -1 -1 -1 -1 -1 -1 
-1 -1 -1 -1 -1 -1 -1 -1 -1 -1 -1 -1 -1 -1 -1 -1 -1 -1 -1 -1 -1 -1 -1 -1 
-1 -1 -1 -1 -1 -1 -1 -1 -1 -1 -1 -1 -1 -1 -1 -1 -1 -1 -1 -1 -1 -1 -1 -1 
-1 -1 -1 -1 -1 -1 -1 -1 -1 -1 -1 -1 -1 -1 -1 -1 -1 -1 -1 -1 -1 -1 -1 -1 
-1 -1 -1 -1 -1 -1 -1 -1 -1 -1 -1 -1 -1 -1 -1 -1 -1 -1 -1 -1 -1 -1 -1 -1 
-1 -1 -1 -1 -1 -1 -1 -1 -1 -1 -1 -1 -1 -1 -1 -1 -1 -1 -1 -1 -1 -1 -1 -1 
-1 -1 -1 -1 -1 -1 -1 -1 -1 -1 -1 -1 -1 -1 -1 -1 -1 -1 -1 -1 -1 -1 -1 -1 
-1 -1 -1 -1 -1 -1 -1 -1 -1 -1 -1 -1 -1 -1 -1 -1 -1 -1 -1 -1 -1 -1 -1 -1 
-1 -1 -1 -1 -1 -1 -1 -1 -1 -1 -1 -1 -1 -1 -1 -1 -1 -1 -1 -1 -1 -1 -1 -1 
-1 -1 -1 -1 -1 -1 -1 -1 -1 -1 -1 -1 -1 -1 -1 -1 -1 -1 -1 -1 -1 -1 -1 -1 
1098 928 1074 897 1232 855 1160 831 1363 823 1295 814 839 946 840 916 822 854 743 816 806 933 772 923 
1123 898 1114 882 1221 847 1200 839 1360 834 1334 835 878 931 861 898 969 892 850 783 951 876 772 806 
1122 903 1109 831 1209 866 1085 778 1353 843 1123 692 869 923 874 866 878 890 913 734 756 886 842 759 
-1 -1 -1 -1 -1 -1 -1 -1 -1 -1 -1 -1 -1 -1 -1 -1 -1 -1 -1 -1 -1 -1 -1 -1 
-1 -1 -1 -1 -1 -1 -1 -1 -1 -1 -1 -1 -1 -1 -1 -1 -1 -1 -1 -1 -1 -1 -1 -1 
-1 -1 -1 -1 -1 -1 -1 -1 -1 -1 -1 -1 -1 -1 -1 -1 -1 -1 -1 -1 -1 -1 -1 -1 
-1 -1 -1 -1 -1 -1 -1 -1 -1 -1 -1 -1 -1 -1 -1 -1 -1 -1 -1 -1 -1 -1 -1 -1 
-1 -1 -1 -1 -1 -1 -1 -1 -1 -1 -1 -1 -1 -1 -1 -1 -1 -1 -1 -1 -1 -1 -1 -1 
-1 -1 -1 -1 -1 -1 -1 -1 -1 -1 -1 -1 -1 -1 -1 -1 -1 -1 -1 -1 -1 -1 -1 -1 
1147 921 1081 829 1247 871 1007 720 1353 821 941 560 882 916 885 857 863 829 961 744 788 928 945 705 
-1 -1 -1 -1 -1 -1 -1 -1 -1 -1 -1 -1 -1 -1 -1 -1 -1 -1 -1 -1 -1 -1 -1 -1 
-1 -1 -1 -1 -1 -1 -1 -1 -1 -1 -1 -1 -1 -1 -1 -1 -1 -1 -1 -1 -1 -1 -1 -1 
1129 931 1078 846 1216 885 1016 741 1311 841 959 573 850 925 857 866 796 864 847 744 750 875 878 794 
1095 928 1056 844 1211 873 1018 740 1325 837 1053 623 847 925 852 866 882 827 888 749 811 898 854 795 
-1 -1 -1 -1 -1 -1 -1 -1 -1 -1 -1 -1 -1 -1 -1 -1 -1 -1 -1 -1 -1 -1 -1 -1 
-1 -1 -1 -1 -1 -1 -1 -1 -1 -1 -1 -1 -1 -1 -1 -1 -1 -1 -1 -1 -1 -1 -1 -1 
-1 -1 -1 -1 -1 -1 -1 -1 -1 -1 -1 -1 -1 -1 -1 -1 -1 -1 -1 -1 -1 -1 -1 -1 
-1 -1 -1 -1 -1 -1 -1 -1 -1 -1 -1 -1 -1 -1 -1 -1 -1 -1 -1 -1 -1 -1 -1 -1 
-1 -1 -1 -1 -1 -1 -1 -1 -1 -1 -1 -1 -1 -1 -1 -1 -1 -1 -1 -1 -1 -1 -1 -1 
-1 -1 -1 -1 -1 -1 -1 -1 -1 -1 -1 -1 -1 -1 -1 -1 -1 -1 -1 -1 -1 -1 -1 -1 
-1 -1 -1 -1 -1 -1 -1 -1 -1 -1 -1 -1 -1 -1 -1 -1 -1 -1 -1 -1 -1 -1 -1 -1 
-1 -1 -1 -1 -1 -1 -1 -1 -1 -1 -1 -1 -1 -1 -1 -1 -1 -1 -1 -1 -1 -1 -1 -1 
-1 -1 -1 -1 -1 -1 -1 -1 -1 -1 -1 -1 -1 -1 -1 -1 -1 -1 -1 -1 -1 -1 -1 -1 
-1 -1 -1 -1 -1 -1 -1 -1 -1 -1 -1 -1 -1 -1 -1 -1 -1 -1 -1 -1 -1 -1 -1 -1 
1186 897 1161 858 1264 859 1195 807 1373 805 1302 806 904 906 907 856 917 843 922 729 773 815 816 732 
1127 897 1109 869 1232 843 1185 828 1351 807 1300 809 856 918 857 888 846 848 848 802 757 828 752 798 
1135 893 1100 868 1238 839 1151 826 1350 807 1257 784 855 918 848 893 834 848 790 833 763 890 756 865 
1145 894 1110 867 1241 848 1153 821 1352 816 1251 774 865 923 858 894 862 866 816 808 784 912 763 860 
1119 934 1087 891 1236 865 1169 838 1354 836 1264 809 845 970 833 931 810 868 732 839 783 924 762 904 
1088 930 1088 889 1193 869 1171 853 1334 837 1288 810 851 957 845 916 868 875 822 815 818 873 757 837 
1103 924 1093 886 1207 869 1172 848 1340 841 1292 809 856 949 852 910 875 885 863 803 809 869 762 798 
-1 -1 -1 -1 -1 -1 -1 -1 -1 -1 -1 -1 -1 -1 -1 -1 -1 -1 -1 -1 -1 -1 -1 -1 
-1 -1 -1 -1 -1 -1 -1 -1 -1 -1 -1 -1 -1 -1 -1 -1 -1 -1 -1 -1 -1 -1 -1 -1 
-1 -1 -1 -1 -1 -1 -1 -1 -1 -1 -1 -1 -1 -1 -1 -1 -1 -1 -1 -1 -1 -1 -1 -1 
-1 -1 -1 -1 -1 -1 -1 -1 -1 -1 -1 -1 -1 -1 -1 -1 -1 -1 -1 -1 -1 -1 -1 -1 
-1 -1 -1 -1 -1 -1 -1 -1 -1 -1 -1 -1 -1 -1 -1 -1 -1 -1 -1 -1 -1 -1 -1 -1 
-1 -1 -1 -1 -1 -1 -1 -1 -1 -1 -1 -1 -1 -1 -1 -1 -1 -1 -1 -1 -1 -1 -1 -1 
-1 -1 -1 -1 -1 -1 -1 -1 -1 -1 -1 -1 -1 -1 -1 -1 -1 -1 -1 -1 -1 -1 -1 -1 
-1 -1 -1 -1 -1 -1 -1 -1 -1 -1 -1 -1 -1 -1 -1 -1 -1 -1 -1 -1 -1 -1 -1 -1 
-1 -1 -1 -1 -1 -1 -1 -1 -1 -1 -1 -1 -1 -1 -1 -1 -1 -1 -1 -1 -1 -1 -1 -1 
-1 -1 -1 -1 -1 -1 -1 -1 -1 -1 -1 -1 -1 -1 -1 -1 -1 -1 -1 -1 -1 -1 -1 -1 
-1 -1 -1 -1 -1 -1 -1 -1 -1 -1 -1 -1 -1 -1 -1 -1 -1 -1 -1 -1 -1 -1 -1 -1 
-1 -1 -1 -1 -1 -1 -1 -1 -1 -1 -1 -1 -1 -1 -1 -1 -1 -1 -1 -1 -1 -1 -1 -1 
-1 -1 -1 -1 -1 -1 -1 -1 -1 -1 -1 -1 -1 -1 -1 -1 -1 -1 -1 -1 -1 -1 -1 -1 
-1 -1 -1 -1 -1 -1 -1 -1 -1 -1 -1 -1 -1 -1 -1 -1 -1 -1 -1 -1 -1 -1 -1 -1 
-1 -1 -1 -1 -1 -1 -1 -1 -1 -1 -1 -1 -1 -1 -1 -1 -1 -1 -1 -1 -1 -1 -1 -1 
-1 -1 -1 -1 -1 -1 -1 -1 -1 -1 -1 -1 -1 -1 -1 -1 -1 -1 -1 -1 -1 -1 -1 -1 
-1 -1 -1 -1 -1 -1 -1 -1 -1 -1 -1 -1 -1 -1 -1 -1 -1 -1 -1 -1 -1 -1 -1 -1 
-1 -1 -1 -1 -1 -1 -1 -1 -1 -1 -1 -1 -1 -1 -1 -1 -1 -1 -1 -1 -1 -1 -1 -1 
-1 -1 -1 -1 -1 -1 -1 -1 -1 -1 -1 -1 -1 -1 -1 -1 -1 -1 -1 -1 -1 -1 -1 -1 
-1 -1 -1 -1 -1 -1 -1 -1 -1 -1 -1 -1 -1 -1 -1 -1 -1 -1 -1 -1 -1 -1 -1 -1 
-1 -1 -1 -1 -1 -1 -1 -1 -1 -1 -1 -1 -1 -1 -1 -1 -1 -1 -1 -1 -1 -1 -1 -1 
-1 -1 -1 -1 -1 -1 -1 -1 -1 -1 -1 -1 -1 -1 -1 -1 -1 -1 -1 -1 -1 -1 -1 -1 
-1 -1 -1 -1 -1 -1 -1 -1 -1 -1 -1 -1 -1 -1 -1 -1 -1 -1 -1 -1 -1 -1 -1 -1 
-1 -1 -1 -1 -1 -1 -1 -1 -1 -1 -1 -1 -1 -1 -1 -1 -1 -1 -1 -1 -1 -1 -1 -1 
-1 -1 -1 -1 -1 -1 -1 -1 -1 -1 -1 -1 -1 -1 -1 -1 -1 -1 -1 -1 -1 -1 -1 -1 
-1 -1 -1 -1 -1 -1 -1 -1 -1 -1 -1 -1 -1 -1 -1 -1 -1 -1 -1 -1 -1 -1 -1 -1 
-1 -1 -1 -1 -1 -1 -1 -1 -1 -1 -1 -1 -1 -1 -1 -1 -1 -1 -1 -1 -1 -1 -1 -1 
-1 -1 -1 -1 -1 -1 -1 -1 -1 -1 -1 -1 -1 -1 -1 -1 -1 -1 -1 -1 -1 -1 -1 -1 
-1 -1 -1 -1 -1 -1 -1 -1 -1 -1 -1 -1 -1 -1 -1 -1 -1 -1 -1 -1 -1 -1 -1 -1 
-1 -1 -1 -1 -1 -1 -1 -1 -1 -1 -1 -1 -1 -1 -1 -1 -1 -1 -1 -1 -1 -1 -1 -1 
-1 -1 -1 -1 -1 -1 -1 -1 -1 -1 -1 -1 -1 -1 -1 -1 -1 -1 -1 -1 -1 -1 -1 -1 
-1 -1 -1 -1 -1 -1 -1 -1 -1 -1 -1 -1 -1 -1 -1 -1 -1 -1 -1 -1 -1 -1 -1 -1 
-1 -1 -1 -1 -1 -1 -1 -1 -1 -1 -1 -1 -1 -1 -1 -1 -1 -1 -1 -1 -1 -1 -1 -1 
-1 -1 -1 -1 -1 -1 -1 -1 -1 -1 -1 -1 -1 -1 -1 -1 -1 -1 -1 -1 -1 -1 -1 -1 
-1 -1 -1 -1 -1 -1 -1 -1 -1 -1 -1 -1 -1 -1 -1 -1 -1 -1 -1 -1 -1 -1 -1 -1 
-1 -1 -1 -1 -1 -1 -1 -1 -1 -1 -1 -1 -1 -1 -1 -1 -1 -1 -1 -1 -1 -1 -1 -1 
-1 -1 -1 -1 -1 -1 -1 -1 -1 -1 -1 -1 -1 -1 -1 -1 -1 -1 -1 -1 -1 -1 -1 -1 
-1 -1 -1 -1 -1 -1 -1 -1 -1 -1 -1 -1 -1 -1 -1 -1 -1 -1 -1 -1 -1 -1 -1 -1 
-1 -1 -1 -1 -1 -1 -1 -1 -1 -1 -1 -1 -1 -1 -1 -1 -1 -1 -1 -1 -1 -1 -1 -1 
-1 -1 -1 -1 -1 -1 -1 -1 -1 -1 -1 -1 -1 -1 -1 -1 -1 -1 -1 -1 -1 -1 -1 -1 
-1 -1 -1 -1 -1 -1 -1 -1 -1 -1 -1 -1 -1 -1 -1 -1 -1 -1 -1 -1 -1 -1 -1 -1 
-1 -1 -1 -1 -1 -1 -1 -1 -1 -1 -1 -1 -1 -1 -1 -1 -1 -1 -1 -1 -1 -1 -1 -1 
-1 -1 -1 -1 -1 -1 -1 -1 -1 -1 -1 -1 -1 -1 -1 -1 -1 -1 -1 -1 -1 -1 -1 -1 
-1 -1 -1 -1 -1 -1 -1 -1 -1 -1 -1 -1 -1 -1 -1 -1 -1 -1 -1 -1 -1 -1 -1 -1 
-1 -1 -1 -1 -1 -1 -1 -1 -1 -1 -1 -1 -1 -1 -1 -1 -1 -1 -1 -1 -1 -1 -1 -1 
-1 -1 -1 -1 -1 -1 -1 -1 -1 -1 -1 -1 -1 -1 -1 -1 -1 -1 -1 -1 -1 -1 -1 -1 
-1 -1 -1 -1 -1 -1 -1 -1 -1 -1 -1 -1 -1 -1 -1 -1 -1 -1 -1 -1 -1 -1 -1 -1 
293 935 402 987 232 985 403 1008 249 866 351 912 617 798 688 850 714 714 792 761 836 686 911 718 
319 880 482 920 331 908 543 902 346 841 480 859 625 773 695 815 730 713 792 738 838 680 893 681 
278 879 432 922 350 831 494 862 372 830 434 838 619 756 684 803 732 688 793 718 844 641 886 642 
280 809 431 870 432 750 529 818 498 662 492 780 626 706 702 749 729 655 794 674 753 650 800 648 
-1 -1 -1 -1 -1 -1 -1 -1 -1 -1 -1 -1 -1 -1 -1 -1 -1 -1 -1 -1 -1 -1 -1 -1 
731 662 822 654 653 779 713 734 672 869 700 835 482 773 528 777 452 880 392 900 282 882 276 870 
-1 -1 -1 -1 -1 -1 -1 -1 -1 -1 -1 -1 -1 -1 -1 -1 -1 -1 -1 -1 -1 -1 -1 -1 
-1 -1 -1 -1 -1 -1 -1 -1 -1 -1 -1 -1 -1 -1 -1 -1 -1 -1 -1 -1 -1 -1 -1 -1 
-1 -1 -1 -1 -1 -1 -1 -1 -1 -1 -1 -1 -1 -1 -1 -1 -1 -1 -1 -1 -1 -1 -1 -1 
-1 -1 -1 -1 -1 -1 -1 -1 -1 -1 -1 -1 -1 -1 -1 -1 -1 -1 -1 -1 -1 -1 -1 -1 
-1 -1 -1 -1 -1 -1 -1 -1 -1 -1 -1 -1 -1 -1 -1 -1 -1 -1 -1 -1 -1 -1 -1 -1 
-1 -1 -1 -1 -1 -1 -1 -1 -1 -1 -1 -1 -1 -1 -1 -1 -1 -1 -1 -1 -1 -1 -1 -1 
-1 -1 -1 -1 -1 -1 -1 -1 -1 -1 -1 -1 -1 -1 -1 -1 -1 -1 -1 -1 -1 -1 -1 -1 
-1 -1 -1 -1 -1 -1 -1 -1 -1 -1 -1 -1 -1 -1 -1 -1 -1 -1 -1 -1 -1 -1 -1 -1 
-1 -1 -1 -1 -1 -1 -1 -1 -1 -1 -1 -1 -1 -1 -1 -1 -1 -1 -1 -1 -1 -1 -1 -1 
-1 -1 -1 -1 -1 -1 -1 -1 -1 -1 -1 -1 -1 -1 -1 -1 -1 -1 -1 -1 -1 -1 -1 -1 
-1 -1 -1 -1 -1 -1 -1 -1 -1 -1 -1 -1 -1 -1 -1 -1 -1 -1 -1 -1 -1 -1 -1 -1 
-1 -1 -1 -1 -1 -1 -1 -1 -1 -1 -1 -1 -1 -1 -1 -1 -1 -1 -1 -1 -1 -1 -1 -1 
-1 -1 -1 -1 -1 -1 -1 -1 -1 -1 -1 -1 -1 -1 -1 -1 -1 -1 -1 -1 -1 -1 -1 -1 
842 987 829 702 820 1008 772 625 675 990 641 721 1115 837 1068 748 1089 839 1080 762 1152 838 1124 766 
788 1002 844 741 730 978 827 628 653 925 674 719 1065 874 1069 769 1110 843 1120 783 1195 869 1205 823 
797 1011 847 797 754 982 853 697 688 938 758 727 1076 890 1101 794 1166 873 1175 807 1231 884 1256 844 
804 939 862 820 821 928 871 764 784 939 788 777 1077 841 1096 794 1158 869 1152 802 1218 883 1222 845 
793 947 848 793 755 937 842 727 744 934 743 764 1059 837 1074 788 1149 868 1142 799 1216 878 1211 841 
835 946 879 785 805 949 833 714 730 949 706 700 1078 816 1096 770 1176 864 1152 785 1222 875 1224 832 
834 956 872 735 805 955 830 658 734 915 714 694 1082 821 1099 735 1162 854 1149 750 1223 873 1238 827 
804 994 880 813 797 952 899 724 776 895 803 756 1083 875 1115 797 1155 877 1178 795 1221 893 1247 854 
797 974 921 853 796 882 978 758 793 864 870 792 1083 868 1136 818 1154 876 1190 819 1224 898 1253 874 
799 969 931 845 774 876 971 756 782 874 861 806 1086 865 1143 816 1157 874 1199 825 1231 899 1261 873 
782 973 919 872 747 899 930 794 779 869 835 819 1076 872 1135 835 1155 874 1203 830 1227 896 1257 885 
787 973 893 867 814 905 920 818 811 941 818 873 1076 870 1113 832 1156 875 1192 833 1229 898 1250 880 
803 953 896 907 810 922 901 896 801 938 821 906 1077 869 1112 860 1164 874 1187 829 1230 897 1234 875 
-1 -1 -1 -1 -1 -1 -1 -1 -1 -1 -1 -1 -1 -1 -1 -1 -1 -1 -1 -1 -1 -1 -1 -1 
-1 -1 -1 -1 -1 -1 -1 -1 -1 -1 -1 -1 -1 -1 -1 -1 -1 -1 -1 -1 -1 -1 -1 -1 
-1 -1 -1 -1 -1 -1 -1 -1 -1 -1 -1 -1 -1 -1 -1 -1 -1 -1 -1 -1 -1 -1 -1 -1 
-1 -1 -1 -1 -1 -1 -1 -1 -1 -1 -1 -1 -1 -1 -1 -1 -1 -1 -1 -1 -1 -1 -1 -1 
-1 -1 -1 -1 -1 -1 -1 -1 -1 -1 -1 -1 -1 -1 -1 -1 -1 -1 -1 -1 -1 -1 -1 -1 
-1 -1 -1 -1 -1 -1 -1 -1 -1 -1 -1 -1 -1 -1 -1 -1 -1 -1 -1 -1 -1 -1 -1 -1 
-1 -1 -1 -1 -1 -1 -1 -1 -1 -1 -1 -1 -1 -1 -1 -1 -1 -1 -1 -1 -1 -1 -1 -1 
-1 -1 -1 -1 -1 -1 -1 -1 -1 -1 -1 -1 -1 -1 -1 -1 -1 -1 -1 -1 -1 -1 -1 -1 
-1 -1 -1 -1 -1 -1 -1 -1 -1 -1 -1 -1 -1 -1 -1 -1 -1 -1 -1 -1 -1 -1 -1 -1 
-1 -1 -1 -1 -1 -1 -1 -1 -1 -1 -1 -1 -1 -1 -1 -1 -1 -1 -1 -1 -1 -1 -1 -1 
1005 875 951 858 1121 939 1068 880 1244 995 1208 949 950 549 941 556 779 410 795 439 708 272 697 271 
996 874 983 864 1091 906 1063 901 1198 980 1195 967 952 505 960 507 770 422 747 481 699 272 678 276 
-1 -1 -1 -1 -1 -1 -1 -1 -1 -1 -1 -1 -1 -1 -1 -1 -1 -1 -1 -1 -1 -1 -1 -1 
-1 -1 -1 -1 -1 -1 -1 -1 -1 -1 -1 -1 -1 -1 -1 -1 -1 -1 -1 -1 -1 -1 -1 -1 
-1 -1 -1 -1 -1 -1 -1 -1 -1 -1 -1 -1 -1 -1 -1 -1 -1 -1 -1 -1 -1 -1 -1 -1 
-1 -1 -1 -1 -1 -1 -1 -1 -1 -1 -1 -1 -1 -1 -1 -1 -1 -1 -1 -1 -1 -1 -1 -1 
-1 -1 -1 -1 -1 -1 -1 -1 -1 -1 -1 -1 -1 -1 -1 -1 -1 -1 -1 -1 -1 -1 -1 -1 
-1 -1 -1 -1 -1 -1 -1 -1 -1 -1 -1 -1 -1 -1 -1 -1 -1 -1 -1 -1 -1 -1 -1 -1 
-1 -1 -1 -1 -1 -1 -1 -1 -1 -1 -1 -1 -1 -1 -1 -1 -1 -1 -1 -1 -1 -1 -1 -1 
-1 -1 -1 -1 -1 -1 -1 -1 -1 -1 -1 -1 -1 -1 -1 -1 -1 -1 -1 -1 -1 -1 -1 -1 
-1 -1 -1 -1 -1 -1 -1 -1 -1 -1 -1 -1 -1 -1 -1 -1 -1 -1 -1 -1 -1 -1 -1 -1 
-1 -1 -1 -1 -1 -1 -1 -1 -1 -1 -1 -1 -1 -1 -1 -1 -1 -1 -1 -1 -1 -1 -1 -1 
-1 -1 -1 -1 -1 -1 -1 -1 -1 -1 -1 -1 -1 -1 -1 -1 -1 -1 -1 -1 -1 -1 -1 -1 
-1 -1 -1 -1 -1 -1 -1 -1 -1 -1 -1 -1 -1 -1 -1 -1 -1 -1 -1 -1 -1 -1 -1 -1 
-1 -1 -1 -1 -1 -1 -1 -1 -1 -1 -1 -1 -1 -1 -1 -1 -1 -1 -1 -1 -1 -1 -1 -1 
-1 -1 -1 -1 -1 -1 -1 -1 -1 -1 -1 -1 -1 -1 -1 -1 -1 -1 -1 -1 -1 -1 -1 -1 
-1 -1 -1 -1 -1 -1 -1 -1 -1 -1 -1 -1 -1 -1 -1 -1 -1 -1 -1 -1 -1 -1 -1 -1 
-1 -1 -1 -1 -1 -1 -1 -1 -1 -1 -1 -1 -1 -1 -1 -1 -1 -1 -1 -1 -1 -1 -1 -1 
-1 -1 -1 -1 -1 -1 -1 -1 -1 -1 -1 -1 -1 -1 -1 -1 -1 -1 -1 -1 -1 -1 -1 -1 
-1 -1 -1 -1 -1 -1 -1 -1 -1 -1 -1 -1 -1 -1 -1 -1 -1 -1 -1 -1 -1 -1 -1 -1 
-1 -1 -1 -1 -1 -1 -1 -1 -1 -1 -1 -1 -1 -1 -1 -1 -1 -1 -1 -1 -1 -1 -1 -1 
-1 -1 -1 -1 -1 -1 -1 -1 -1 -1 -1 -1 -1 -1 -1 -1 -1 -1 -1 -1 -1 -1 -1 -1 
-1 -1 -1 -1 -1 -1 -1 -1 -1 -1 -1 -1 -1 -1 -1 -1 -1 -1 -1 -1 -1 -1 -1 -1 
-1 -1 -1 -1 -1 -1 -1 -1 -1 -1 -1 -1 -1 -1 -1 -1 -1 -1 -1 -1 -1 -1 -1 -1 
-1 -1 -1 -1 -1 -1 -1 -1 -1 -1 -1 -1 -1 -1 -1 -1 -1 -1 -1 -1 -1 -1 -1 -1 
-1 -1 -1 -1 -1 -1 -1 -1 -1 -1 -1 -1 -1 -1 -1 -1 -1 -1 -1 -1 -1 -1 -1 -1 
-1 -1 -1 -1 -1 -1 -1 -1 -1 -1 -1 -1 -1 -1 -1 -1 -1 -1 -1 -1 -1 -1 -1 -1 
-1 -1 -1 -1 -1 -1 -1 -1 -1 -1 -1 -1 -1 -1 -1 -1 -1 -1 -1 -1 -1 -1 -1 -1 
-1 -1 -1 -1 -1 -1 -1 -1 -1 -1 -1 -1 -1 -1 -1 -1 -1 -1 -1 -1 -1 -1 -1 -1 
-1 -1 -1 -1 -1 -1 -1 -1 -1 -1 -1 -1 -1 -1 -1 -1 -1 -1 -1 -1 -1 -1 -1 -1 
-1 -1 -1 -1 -1 -1 -1 -1 -1 -1 -1 -1 -1 -1 -1 -1 -1 -1 -1 -1 -1 -1 -1 -1 
-1 -1 -1 -1 -1 -1 -1 -1 -1 -1 -1 -1 -1 -1 -1 -1 -1 -1 -1 -1 -1 -1 -1 -1 
-1 -1 -1 -1 -1 -1 -1 -1 -1 -1 -1 -1 -1 -1 -1 -1 -1 -1 -1 -1 -1 -1 -1 -1 
-1 -1 -1 -1 -1 -1 -1 -1 -1 -1 -1 -1 -1 -1 -1 -1 -1 -1 -1 -1 -1 -1 -1 -1 
-1 -1 -1 -1 -1 -1 -1 -1 -1 -1 -1 -1 -1 -1 -1 -1 -1 -1 -1 -1 -1 -1 -1 -1 
-1 -1 -1 -1 -1 -1 -1 -1 -1 -1 -1 -1 -1 -1 -1 -1 -1 -1 -1 -1 -1 -1 -1 -1 
-1 -1 -1 -1 -1 -1 -1 -1 -1 -1 -1 -1 -1 -1 -1 -1 -1 -1 -1 -1 -1 -1 -1 -1 
-1 -1 -1 -1 -1 -1 -1 -1 -1 -1 -1 -1 -1 -1 -1 -1 -1 -1 -1 -1 -1 -1 -1 -1 
-1 -1 -1 -1 -1 -1 -1 -1 -1 -1 -1 -1 -1 -1 -1 -1 -1 -1 -1 -1 -1 -1 -1 -1 
-1 -1 -1 -1 -1 -1 -1 -1 -1 -1 -1 -1 -1 -1 -1 -1 -1 -1 -1 -1 -1 -1 -1 -1 
-1 -1 -1 -1 -1 -1 -1 -1 -1 -1 -1 -1 -1 -1 -1 -1 -1 -1 -1 -1 -1 -1 -1 -1 
-1 -1 -1 -1 -1 -1 -1 -1 -1 -1 -1 -1 -1 -1 -1 -1 -1 -1 -1 -1 -1 -1 -1 -1 
-1 -1 -1 -1 -1 -1 -1 -1 -1 -1 -1 -1 -1 -1 -1 -1 -1 -1 -1 -1 -1 -1 -1 -1 
-1 -1 -1 -1 -1 -1 -1 -1 -1 -1 -1 -1 -1 -1 -1 -1 -1 -1 -1 -1 -1 -1 -1 -1 
-1 -1 -1 -1 -1 -1 -1 -1 -1 -1 -1 -1 -1 -1 -1 -1 -1 -1 -1 -1 -1 -1 -1 -1 
-1 -1 -1 -1 -1 -1 -1 -1 -1 -1 -1 -1 -1 -1 -1 -1 -1 -1 -1 -1 -1 -1 -1 -1 
-1 -1 -1 -1 -1 -1 -1 -1 -1 -1 -1 -1 -1 -1 -1 -1 -1 -1 -1 -1 -1 -1 -1 -1 
-1 -1 -1 -1 -1 -1 -1 -1 -1 -1 -1 -1 -1 -1 -1 -1 -1 -1 -1 -1 -1 -1 -1 -1 
-1 -1 -1 -1 -1 -1 -1 -1 -1 -1 -1 -1 -1 -1 -1 -1 -1 -1 -1 -1 -1 -1 -1 -1 
-1 -1 -1 -1 -1 -1 -1 -1 -1 -1 -1 -1 -1 -1 -1 -1 -1 -1 -1 -1 -1 -1 -1 -1 
-1 -1 -1 -1 -1 -1 -1 -1 -1 -1 -1 -1 -1 -1 -1 -1 -1 -1 -1 -1 -1 -1 -1 -1 
-1 -1 -1 -1 -1 -1 -1 -1 -1 -1 -1 -1 -1 -1 -1 -1 -1 -1 -1 -1 -1 -1 -1 -1 
-1 -1 -1 -1 -1 -1 -1 -1 -1 -1 -1 -1 -1 -1 -1 -1 -1 -1 -1 -1 -1 -1 -1 -1 
-1 -1 -1 -1 -1 -1 -1 -1 -1 -1 -1 -1 -1 -1 -1 -1 -1 -1 -1 -1 -1 -1 -1 -1 
-1 -1 -1 -1 -1 -1 -1 -1 -1 -1 -1 -1 -1 -1 -1 -1 -1 -1 -1 -1 -1 -1 -1 -1 
-1 -1 -1 -1 -1 -1 -1 -1 -1 -1 -1 -1 -1 -1 -1 -1 -1 -1 -1 -1 -1 -1 -1 -1 
-1 -1 -1 -1 -1 -1 -1 -1 -1 -1 -1 -1 -1 -1 -1 -1 -1 -1 -1 -1 -1 -1 -1 -1 
-1 -1 -1 -1 -1 -1 -1 -1 -1 -1 -1 -1 -1 -1 -1 -1 -1 -1 -1 -1 -1 -1 -1 -1 
-1 -1 -1 -1 -1 -1 -1 -1 -1 -1 -1 -1 -1 -1 -1 -1 -1 -1 -1 -1 -1 -1 -1 -1 
-1 -1 -1 -1 -1 -1 -1 -1 -1 -1 -1 -1 -1 -1 -1 -1 -1 -1 -1 -1 -1 -1 -1 -1 
-1 -1 -1 -1 -1 -1 -1 -1 -1 -1 -1 -1 -1 -1 -1 -1 -1 -1 -1 -1 -1 -1 -1 -1 
-1 -1 -1 -1 -1 -1 -1 -1 -1 -1 -1 -1 -1 -1 -1 -1 -1 -1 -1 -1 -1 -1 -1 -1 
-1 -1 -1 -1 -1 -1 -1 -1 -1 -1 -1 -1 -1 -1 -1 -1 -1 -1 -1 -1 -1 -1 -1 -1 
-1 -1 -1 -1 -1 -1 -1 -1 -1 -1 -1 -1 -1 -1 -1 -1 -1 -1 -1 -1 -1 -1 -1 -1 
-1 -1 -1 -1 -1 -1 -1 -1 -1 -1 -1 -1 -1 -1 -1 -1 -1 -1 -1 -1 -1 -1 -1 -1 
-1 -1 -1 -1 -1 -1 -1 -1 -1 -1 -1 -1 -1 -1 -1 -1 -1 -1 -1 -1 -1 -1 -1 -1 
-1 -1 -1 -1 -1 -1 -1 -1 -1 -1 -1 -1 -1 -1 -1 -1 -1 -1 -1 -1 -1 -1 -1 -1 
919 674 872 725 930 615 836 780 907 558 812 765 942 859 909 877 953 986 885 1039 902 1013 850 1012 
916 708 903 773 909 650 879 815 901 611 845 816 941 883 928 907 944 1034 887 1072 968 992 938 1015 
935 701 896 760 940 644 842 781 953 590 801 765 948 879 927 902 945 1028 882 1082 1004 978 923 1010 
923 690 896 728 932 612 857 665 947 547 860 554 934 876 924 900 925 1025 873 1072 988 984 904 1024 
908 712 904 757 894 654 862 751 894 596 847 690 933 900 929 918 899 1036 885 1070 921 997 899 1018 
895 723 914 764 864 677 876 779 852 649 849 728 926 910 935 928 885 1032 881 1067 892 1016 896 1019 
884 725 935 782 853 724 922 905 815 735 886 1010 921 920 948 931 893 1030 887 1062 906 1011 926 1005 
886 723 934 786 866 765 928 923 831 801 872 1036 923 921 951 940 882 1028 887 1058 909 1016 921 1008 
-1 -1 -1 -1 -1 -1 -1 -1 -1 -1 -1 -1 -1 -1 -1 -1 -1 -1 -1 -1 -1 -1 -1 -1 
874 788 948 724 847 895 926 664 819 1012 912 578 907 914 957 899 885 1051 891 1059 883 1072 889 1090 
900 700 930 795 890 640 912 904 878 575 870 979 926 888 950 906 879 1045 884 1061 885 1048 896 1039 
932 727 919 783 937 650 907 813 948 545 904 640 946 887 946 906 972 1040 896 1060 1034 988 947 1046 
920 741 930 763 903 737 974 713 905 753 989 565 939 889 966 899 945 1050 908 1060 974 1031 945 1053 
-1 -1 -1 -1 -1 -1 -1 -1 -1 -1 -1 -1 -1 -1 -1 -1 -1 -1 -1 -1 -1 -1 -1 -1 
926 730 956 742 903 731 977 711 899 719 971 620 947 878 976 882 891 1021 927 1047 858 1069 897 1058 
-1 -1 -1 -1 -1 -1 -1 -1 -1 -1 -1 -1 -1 -1 -1 -1 -1 -1 -1 -1 -1 -1 -1 -1 
-1 -1 -1 -1 -1 -1 -1 -1 -1 -1 -1 -1 -1 -1 -1 -1 -1 -1 -1 -1 -1 -1 -1 -1 
-1 -1 -1 -1 -1 -1 -1 -1 -1 -1 -1 -1 -1 -1 -1 -1 -1 -1 -1 -1 -1 -1 -1 -1 
-1 -1 -1 -1 -1 -1 -1 -1 -1 -1 -1 -1 -1 -1 -1 -1 -1 -1 -1 -1 -1 -1 -1 -1 
-1 -1 -1 -1 -1 -1 -1 -1 -1 -1 -1 -1 -1 -1 -1 -1 -1 -1 -1 -1 -1 -1 -1 -1 
-1 -1 -1 -1 -1 -1 -1 -1 -1 -1 -1 -1 -1 -1 -1 -1 -1 -1 -1 -1 -1 -1 -1 -1 
-1 -1 -1 -1 -1 -1 -1 -1 -1 -1 -1 -1 -1 -1 -1 -1 -1 -1 -1 -1 -1 -1 -1 -1 
-1 -1 -1 -1 -1 -1 -1 -1 -1 -1 -1 -1 -1 -1 -1 -1 -1 -1 -1 -1 -1 -1 -1 -1 
-1 -1 -1 -1 -1 -1 -1 -1 -1 -1 -1 -1 -1 -1 -1 -1 -1 -1 -1 -1 -1 -1 -1 -1 
-1 -1 -1 -1 -1 -1 -1 -1 -1 -1 -1 -1 -1 -1 -1 -1 -1 -1 -1 -1 -1 -1 -1 -1 
-1 -1 -1 -1 -1 -1 -1 -1 -1 -1 -1 -1 -1 -1 -1 -1 -1 -1 -1 -1 -1 -1 -1 -1 
-1 -1 -1 -1 -1 -1 -1 -1 -1 -1 -1 -1 -1 -1 -1 -1 -1 -1 -1 -1 -1 -1 -1 -1 
-1 -1 -1 -1 -1 -1 -1 -1 -1 -1 -1 -1 -1 -1 -1 -1 -1 -1 -1 -1 -1 -1 -1 -1 
-1 -1 -1 -1 -1 -1 -1 -1 -1 -1 -1 -1 -1 -1 -1 -1 -1 -1 -1 -1 -1 -1 -1 -1 
-1 -1 -1 -1 -1 -1 -1 -1 -1 -1 -1 -1 -1 -1 -1 -1 -1 -1 -1 -1 -1 -1 -1 -1 
-1 -1 -1 -1 -1 -1 -1 -1 -1 -1 -1 -1 -1 -1 -1 -1 -1 -1 -1 -1 -1 -1 -1 -1 
-1 -1 -1 -1 -1 -1 -1 -1 -1 -1 -1 -1 -1 -1 -1 -1 -1 -1 -1 -1 -1 -1 -1 -1 
-1 -1 -1 -1 -1 -1 -1 -1 -1 -1 -1 -1 -1 -1 -1 -1 -1 -1 -1 -1 -1 -1 -1 -1 
-1 -1 -1 -1 -1 -1 -1 -1 -1 -1 -1 -1 -1 -1 -1 -1 -1 -1 -1 -1 -1 -1 -1 -1 
-1 -1 -1 -1 -1 -1 -1 -1 -1 -1 -1 -1 -1 -1 -1 -1 -1 -1 -1 -1 -1 -1 -1 -1 
-1 -1 -1 -1 -1 -1 -1 -1 -1 -1 -1 -1 -1 -1 -1 -1 -1 -1 -1 -1 -1 -1 -1 -1 
-1 -1 -1 -1 -1 -1 -1 -1 -1 -1 -1 -1 -1 -1 -1 -1 -1 -1 -1 -1 -1 -1 -1 -1 
-1 -1 -1 -1 -1 -1 -1 -1 -1 -1 -1 -1 -1 -1 -1 -1 -1 -1 -1 -1 -1 -1 -1 -1 
-1 -1 -1 -1 -1 -1 -1 -1 -1 -1 -1 -1 -1 -1 -1 -1 -1 -1 -1 -1 -1 -1 -1 -1 
-1 -1 -1 -1 -1 -1 -1 -1 -1 -1 -1 -1 -1 -1 -1 -1 -1 -1 -1 -1 -1 -1 -1 -1 
-1 -1 -1 -1 -1 -1 -1 -1 -1 -1 -1 -1 -1 -1 -1 -1 -1 -1 -1 -1 -1 -1 -1 -1 
-1 -1 -1 -1 -1 -1 -1 -1 -1 -1 -1 -1 -1 -1 -1 -1 -1 -1 -1 -1 -1 -1 -1 -1 
-1 -1 -1 -1 -1 -1 -1 -1 -1 -1 -1 -1 -1 -1 -1 -1 -1 -1 -1 -1 -1 -1 -1 -1 
-1 -1 -1 -1 -1 -1 -1 -1 -1 -1 -1 -1 -1 -1 -1 -1 -1 -1 -1 -1 -1 -1 -1 -1 
-1 -1 -1 -1 -1 -1 -1 -1 -1 -1 -1 -1 -1 -1 -1 -1 -1 -1 -1 -1 -1 -1 -1 -1 
-1 -1 -1 -1 -1 -1 -1 -1 -1 -1 -1 -1 -1 -1 -1 -1 -1 -1 -1 -1 -1 -1 -1 -1 
-1 -1 -1 -1 -1 -1 -1 -1 -1 -1 -1 -1 -1 -1 -1 -1 -1 -1 -1 -1 -1 -1 -1 -1 
-1 -1 -1 -1 -1 -1 -1 -1 -1 -1 -1 -1 -1 -1 -1 -1 -1 -1 -1 -1 -1 -1 -1 -1 
-1 -1 -1 -1 -1 -1 -1 -1 -1 -1 -1 -1 -1 -1 -1 -1 -1 -1 -1 -1 -1 -1 -1 -1 
-1 -1 -1 -1 -1 -1 -1 -1 -1 -1 -1 -1 -1 -1 -1 -1 -1 -1 -1 -1 -1 -1 -1 -1 
-1 -1 -1 -1 -1 -1 -1 -1 -1 -1 -1 -1 -1 -1 -1 -1 -1 -1 -1 -1 -1 -1 -1 -1 
-1 -1 -1 -1 -1 -1 -1 -1 -1 -1 -1 -1 -1 -1 -1 -1 -1 -1 -1 -1 -1 -1 -1 -1 
-1 -1 -1 -1 -1 -1 -1 -1 -1 -1 -1 -1 -1 -1 -1 -1 -1 -1 -1 -1 -1 -1 -1 -1 
-1 -1 -1 -1 -1 -1 -1 -1 -1 -1 -1 -1 -1 -1 -1 -1 -1 -1 -1 -1 -1 -1 -1 -1 
-1 -1 -1 -1 -1 -1 -1 -1 -1 -1 -1 -1 -1 -1 -1 -1 -1 -1 -1 -1 -1 -1 -1 -1 
-1 -1 -1 -1 -1 -1 -1 -1 -1 -1 -1 -1 -1 -1 -1 -1 -1 -1 -1 -1 -1 -1 -1 -1 
-1 -1 -1 -1 -1 -1 -1 -1 -1 -1 -1 -1 -1 -1 -1 -1 -1 -1 -1 -1 -1 -1 -1 -1 
-1 -1 -1 -1 -1 -1 -1 -1 -1 -1 -1 -1 -1 -1 -1 -1 -1 -1 -1 -1 -1 -1 -1 -1 
-1 -1 -1 -1 -1 -1 -1 -1 -1 -1 -1 -1 -1 -1 -1 -1 -1 -1 -1 -1 -1 -1 -1 -1 
-1 -1 -1 -1 -1 -1 -1 -1 -1 -1 -1 -1 -1 -1 -1 -1 -1 -1 -1 -1 -1 -1 -1 -1 
-1 -1 -1 -1 -1 -1 -1 -1 -1 -1 -1 -1 -1 -1 -1 -1 -1 -1 -1 -1 -1 -1 -1 -1 
-1 -1 -1 -1 -1 -1 -1 -1 -1 -1 -1 -1 -1 -1 -1 -1 -1 -1 -1 -1 -1 -1 -1 -1 
-1 -1 -1 -1 -1 -1 -1 -1 -1 -1 -1 -1 -1 -1 -1 -1 -1 -1 -1 -1 -1 -1 -1 -1 
-1 -1 -1 -1 -1 -1 -1 -1 -1 -1 -1 -1 -1 -1 -1 -1 -1 -1 -1 -1 -1 -1 -1 -1 
-1 -1 -1 -1 -1 -1 -1 -1 -1 -1 -1 -1 -1 -1 -1 -1 -1 -1 -1 -1 -1 -1 -1 -1 
-1 -1 -1 -1 -1 -1 -1 -1 -1 -1 -1 -1 -1 -1 -1 -1 -1 -1 -1 -1 -1 -1 -1 -1 
-1 -1 -1 -1 -1 -1 -1 -1 -1 -1 -1 -1 -1 -1 -1 -1 -1 -1 -1 -1 -1 -1 -1 -1 
-1 -1 -1 -1 -1 -1 -1 -1 -1 -1 -1 -1 -1 -1 -1 -1 -1 -1 -1 -1 -1 -1 -1 -1 
-1 -1 -1 -1 -1 -1 -1 -1 -1 -1 -1 -1 -1 -1 -1 -1 -1 -1 -1 -1 -1 -1 -1 -1 
-1 -1 -1 -1 -1 -1 -1 -1 -1 -1 -1 -1 -1 -1 -1 -1 -1 -1 -1 -1 -1 -1 -1 -1 
-1 -1 -1 -1 -1 -1 -1 -1 -1 -1 -1 -1 -1 -1 -1 -1 -1 -1 -1 -1 -1 -1 -1 -1 
-1 -1 -1 -1 -1 -1 -1 -1 -1 -1 -1 -1 -1 -1 -1 -1 -1 -1 -1 -1 -1 -1 -1 -1 
-1 -1 -1 -1 -1 -1 -1 -1 -1 -1 -1 -1 -1 -1 -1 -1 -1 -1 -1 -1 -1 -1 -1 -1 
-1 -1 -1 -1 -1 -1 -1 -1 -1 -1 -1 -1 -1 -1 -1 -1 -1 -1 -1 -1 -1 -1 -1 -1 
-1 -1 -1 -1 -1 -1 -1 -1 -1 -1 -1 -1 -1 -1 -1 -1 -1 -1 -1 -1 -1 -1 -1 -1 
-1 -1 -1 -1 -1 -1 -1 -1 -1 -1 -1 -1 -1 -1 -1 -1 -1 -1 -1 -1 -1 -1 -1 -1 
-1 -1 -1 -1 -1 -1 -1 -1 -1 -1 -1 -1 -1 -1 -1 -1 -1 -1 -1 -1 -1 -1 -1 -1 
-1 -1 -1 -1 -1 -1 -1 -1 -1 -1 -1 -1 -1 -1 -1 -1 -1 -1 -1 -1 -1 -1 -1 -1 
-1 -1 -1 -1 -1 -1 -1 -1 -1 -1 -1 -1 -1 -1 -1 -1 -1 -1 -1 -1 -1 -1 -1 -1 
-1 -1 -1 -1 -1 -1 -1 -1 -1 -1 -1 -1 -1 -1 -1 -1 -1 -1 -1 -1 -1 -1 -1 -1 
-1 -1 -1 -1 -1 -1 -1 -1 -1 -1 -1 -1 -1 -1 -1 -1 -1 -1 -1 -1 -1 -1 -1 -1 
-1 -1 -1 -1 -1 -1 -1 -1 -1 -1 -1 -1 -1 -1 -1 -1 -1 -1 -1 -1 -1 -1 -1 -1 
-1 -1 -1 -1 -1 -1 -1 -1 -1 -1 -1 -1 -1 -1 -1 -1 -1 -1 -1 -1 -1 -1 -1 -1 
-1 -1 -1 -1 -1 -1 -1 -1 -1 -1 -1 -1 -1 -1 -1 -1 -1 -1 -1 -1 -1 -1 -1 -1 
-1 -1 -1 -1 -1 -1 -1 -1 -1 -1 -1 -1 -1 -1 -1 -1 -1 -1 -1 -1 -1 -1 -1 -1 
-1 -1 -1 -1 -1 -1 -1 -1 -1 -1 -1 -1 -1 -1 -1 -1 -1 -1 -1 -1 -1 -1 -1 -1 
-1 -1 -1 -1 -1 -1 -1 -1 -1 -1 -1 -1 -1 -1 -1 -1 -1 -1 -1 -1 -1 -1 -1 -1 
-1 -1 -1 -1 -1 -1 -1 -1 -1 -1 -1 -1 -1 -1 -1 -1 -1 -1 -1 -1 -1 -1 -1 -1 
-1 -1 -1 -1 -1 -1 -1 -1 -1 -1 -1 -1 -1 -1 -1 -1 -1 -1 -1 -1 -1 -1 -1 -1 
-1 -1 -1 -1 -1 -1 -1 -1 -1 -1 -1 -1 -1 -1 -1 -1 -1 -1 -1 -1 -1 -1 -1 -1 
-1 -1 -1 -1 -1 -1 -1 -1 -1 -1 -1 -1 -1 -1 -1 -1 -1 -1 -1 -1 -1 -1 -1 -1 
-1 -1 -1 -1 -1 -1 -1 -1 -1 -1 -1 -1 -1 -1 -1 -1 -1 -1 -1 -1 -1 -1 -1 -1 
-1 -1 -1 -1 -1 -1 -1 -1 -1 -1 -1 -1 -1 -1 -1 -1 -1 -1 -1 -1 -1 -1 -1 -1 
-1 -1 -1 -1 -1 -1 -1 -1 -1 -1 -1 -1 -1 -1 -1 -1 -1 -1 -1 -1 -1 -1 -1 -1 
-1 -1 -1 -1 -1 -1 -1 -1 -1 -1 -1 -1 -1 -1 -1 -1 -1 -1 -1 -1 -1 -1 -1 -1 
-1 -1 -1 -1 -1 -1 -1 -1 -1 -1 -1 -1 -1 -1 -1 -1 -1 -1 -1 -1 -1 -1 -1 -1 
-1 -1 -1 -1 -1 -1 -1 -1 -1 -1 -1 -1 -1 -1 -1 -1 -1 -1 -1 -1 -1 -1 -1 -1 
-1 -1 -1 -1 -1 -1 -1 -1 -1 -1 -1 -1 -1 -1 -1 -1 -1 -1 -1 -1 -1 -1 -1 -1 
-1 -1 -1 -1 -1 -1 -1 -1 -1 -1 -1 -1 -1 -1 -1 -1 -1 -1 -1 -1 -1 -1 -1 -1 
-1 -1 -1 -1 -1 -1 -1 -1 -1 -1 -1 -1 -1 -1 -1 -1 -1 -1 -1 -1 -1 -1 -1 -1 
-1 -1 -1 -1 -1 -1 -1 -1 -1 -1 -1 -1 -1 -1 -1 -1 -1 -1 -1 -1 -1 -1 -1 -1 
-1 -1 -1 -1 -1 -1 -1 -1 -1 -1 -1 -1 -1 -1 -1 -1 -1 -1 -1 -1 -1 -1 -1 -1 
-1 -1 -1 -1 -1 -1 -1 -1 -1 -1 -1 -1 -1 -1 -1 -1 -1 -1 -1 -1 -1 -1 -1 -1 
901 768 852 902 887 653 799 1009 931 544 784 1125 963 896 953 957 1017 835 1028 893 1020 750 1064 816 
-1 -1 -1 -1 -1 -1 -1 -1 -1 -1 -1 -1 -1 -1 -1 -1 -1 -1 -1 -1 -1 -1 -1 -1 
872 804 888 946 884 690 921 1080 909 559 956 1162 1004 933 1021 993 1068 895 1110 929 1092 850 1129 892 
882 832 882 942 884 707 843 983 919 563 811 1017 944 933 955 982 971 881 1009 861 991 808 998 809 
-1 -1 -1 -1 -1 -1 -1 -1 -1 -1 -1 -1 -1 -1 -1 -1 -1 -1 -1 -1 -1 -1 -1 -1 
882 784 928 909 888 675 941 992 907 557 990 1035 982 863 1022 925 962 739 998 787 912 563 953 597 
-1 -1 -1 -1 -1 -1 -1 -1 -1 -1 -1 -1 -1 -1 -1 -1 -1 -1 -1 -1 -1 -1 -1 -1 
-1 -1 -1 -1 -1 -1 -1 -1 -1 -1 -1 -1 -1 -1 -1 -1 -1 -1 -1 -1 -1 -1 -1 -1 
-1 -1 -1 -1 -1 -1 -1 -1 -1 -1 -1 -1 -1 -1 -1 -1 -1 -1 -1 -1 -1 -1 -1 -1 
-1 -1 -1 -1 -1 -1 -1 -1 -1 -1 -1 -1 -1 -1 -1 -1 -1 -1 -1 -1 -1 -1 -1 -1 
-1 -1 -1 -1 -1 -1 -1 -1 -1 -1 -1 -1 -1 -1 -1 -1 -1 -1 -1 -1 -1 -1 -1 -1 
-1 -1 -1 -1 -1 -1 -1 -1 -1 -1 -1 -1 -1 -1 -1 -1 -1 -1 -1 -1 -1 -1 -1 -1 
872 790 858 883 883 688 825 988 902 600 818 1061 944 880 943 919 896 746 885 750 898 546 887 572 
891 775 857 862 896 670 793 967 915 575 771 1054 929 847 906 876 893 710 883 733 901 548 886 568 
890 775 857 856 888 676 795 962 901 579 775 1054 926 853 914 881 896 694 882 727 917 548 887 573 
880 775 857 855 879 678 786 960 901 584 758 1054 909 849 915 877 896 699 887 718 921 547 891 570 
877 783 855 858 879 681 762 960 908 585 721 1045 904 851 914 883 886 699 888 724 918 566 898 583 
876 791 848 856 877 715 755 952 897 629 705 1042 909 854 918 885 887 710 899 720 917 591 900 593 
871 797 848 858 873 710 768 953 899 624 733 1039 912 864 920 886 887 730 903 722 916 623 910 612 
869 813 847 899 866 717 774 997 904 612 739 1071 914 892 921 932 947 854 987 868 1019 876 1047 895 
857 817 829 899 868 717 741 991 903 634 717 1069 891 887 902 924 888 788 903 809 968 630 992 616 
-1 -1 -1 -1 -1 -1 -1 -1 -1 -1 -1 -1 -1 -1 -1 -1 -1 -1 -1 -1 -1 -1 -1 -1 
-1 -1 -1 -1 -1 -1 -1 -1 -1 -1 -1 -1 -1 -1 -1 -1 -1 -1 -1 -1 -1 -1 -1 -1 
-1 -1 -1 -1 -1 -1 -1 -1 -1 -1 -1 -1 -1 -1 -1 -1 -1 -1 -1 -1 -1 -1 -1 -1 
-1 -1 -1 -1 -1 -1 -1 -1 -1 -1 -1 -1 -1 -1 -1 -1 -1 -1 -1 -1 -1 -1 -1 -1 
-1 -1 -1 -1 -1 -1 -1 -1 -1 -1 -1 -1 -1 -1 -1 -1 -1 -1 -1 -1 -1 -1 -1 -1 
-1 -1 -1 -1 -1 -1 -1 -1 -1 -1 -1 -1 -1 -1 -1 -1 -1 -1 -1 -1 -1 -1 -1 -1 
-1 -1 -1 -1 -1 -1 -1 -1 -1 -1 -1 -1 -1 -1 -1 -1 -1 -1 -1 -1 -1 -1 -1 -1 
-1 -1 -1 -1 -1 -1 -1 -1 -1 -1 -1 -1 -1 -1 -1 -1 -1 -1 -1 -1 -1 -1 -1 -1 
-1 -1 -1 -1 -1 -1 -1 -1 -1 -1 -1 -1 -1 -1 -1 -1 -1 -1 -1 -1 -1 -1 -1 -1 
924 577 881 591 963 561 858 569 1022 529 863 518 919 779 898 770 860 811 843 743 891 834 822 830 
901 532 918 529 824 540 983 548 790 526 1014 518 915 669 907 664 897 738 888 728 906 804 910 802 
892 530 942 532 818 525 997 536 784 521 1037 528 912 651 921 647 903 730 908 725 903 801 910 793 
885 532 943 532 819 520 998 535 782 521 1042 528 907 645 925 644 909 730 914 727 915 804 896 800 
884 531 946 531 822 526 996 537 781 521 1044 528 902 644 929 642 902 730 920 728 893 804 925 802 
881 530 950 531 824 527 994 538 782 521 1042 529 899 643 933 643 898 727 925 728 876 805 931 804 
878 528 950 530 825 527 992 537 784 521 1042 530 898 643 934 644 898 728 927 728 872 805 934 805 
877 529 949 531 823 528 993 538 783 521 1042 530 898 641 934 642 895 727 926 727 870 804 934 804 
878 529 949 529 824 529 993 538 785 521 1038 531 898 639 934 639 893 725 928 723 870 803 934 801 
879 529 949 530 825 528 992 538 786 521 1037 531 898 638 934 638 892 722 929 720 871 802 936 801 
880 530 948 531 828 528 992 538 788 521 1037 531 899 638 933 638 892 724 927 721 872 803 935 802 
881 530 948 531 830 529 990 539 788 521 1037 531 899 638 933 639 892 726 927 722 872 804 935 802 
881 530 947 531 831 529 991 538 789 521 1038 532 899 639 932 639 892 727 928 723 871 804 936 803 
881 530 947 531 832 529 992 538 789 521 1038 532 899 639 932 640 891 727 928 724 871 804 936 803 
882 530 947 531 832 529 992 538 790 521 1037 532 899 640 932 640 891 728 928 726 871 805 936 804 
882 530 947 531 832 529 992 538 791 522 1038 532 898 640 932 640 891 727 928 726 871 805 937 804 
882 530 948 532 833 529 992 538 791 522 1038 532 898 640 932 640 891 727 929 727 871 805 937 805 
882 530 948 532 833 529 992 538 791 522 1038 532 898 640 932 640 890 728 929 727 871 805 937 806 
882 530 948 532 833 529 992 538 792 522 1038 532 898 640 932 640 890 728 929 727 871 806 937 806 
882 530 948 532 834 529 992 538 792 522 1037 532 898 640 932 640 890 727 930 727 871 806 937 807 
882 530 948 532 835 530 992 538 792 522 1037 532 898 639 932 640 890 727 930 727 871 806 937 807 
882 530 948 532 835 530 992 538 793 523 1037 532 898 639 932 640 890 726 930 727 871 806 937 807 
882 530 948 532 836 530 992 538 793 523 1037 532 898 639 932 640 890 726 930 727 871 806 937 807 
882 530 948 532 836 530 992 538 793 523 1037 532 898 639 932 640 890 726 930 727 871 806 937 807 
882 530 948 532 836 530 992 538 793 523 1037 532 898 639 932 640 890 725 930 727 871 805 937 807 
882 530 948 532 836 530 992 538 793 523 1037 532 898 639 932 640 890 725 930 727 871 805 937 808 
882 530 948 532 836 530 992 538 793 523 1037 532 898 639 932 640 890 725 930 727 871 805 937 808 
882 530 948 532 836 530 992 538 793 523 1037 532 898 639 932 640 890 725 930 727 871 805 938 808 
882 530 948 532 836 530 992 538 793 523 1037 532 898 639 932 640 890 725 930 727 871 805 938 808 
882 530 948 532 836 530 992 538 793 523 1037 532 898 639 932 640 890 725 930 727 871 805 938 808 
882 530 948 532 836 530 991 538 793 522 1037 532 898 639 932 640 890 725 930 727 871 805 938 808 
882 530 948 532 836 529 991 538 793 522 1036 532 898 639 932 640 890 725 930 727 871 805 938 808 
882 530 948 532 836 529 991 538 793 522 1036 532 898 639 932 640 890 725 930 727 871 805 938 808 
883 530 948 532 836 529 991 538 793 522 1036 532 898 639 932 640 889 725 930 727 871 805 938 808 
883 530 948 532 836 529 991 538 793 522 1036 532 898 639 932 640 889 725 930 727 871 805 938 808 
883 530 948 532 836 529 991 538 793 522 1036 532 898 639 932 640 889 725 930 727 871 805 938 808 
883 530 948 532 836 529 991 539 793 522 1036 533 898 639 932 640 889 725 929 727 871 805 938 808 
883 530 948 532 836 530 991 539 793 522 1036 533 898 639 932 640 889 725 929 727 871 805 938 808 
883 530 948 532 836 530 991 539 793 522 1036 533 898 639 932 640 889 726 929 728 871 805 938 808 
883 530 948 533 836 530 991 539 793 522 1036 533 898 639 932 640 889 726 929 728 871 805 938 808 
883 530 948 533 836 530 991 539 793 522 1036 533 898 639 932 640 889 726 929 728 871 805 938 808 
883 530 948 533 836 530 991 539 793 522 1036 533 898 639 932 640 889 726 929 728 871 805 938 808 
883 530 948 533 836 530 991 539 794 522 1036 533 898 639 932 640 889 726 929 728 871 805 938 808 
883 530 948 533 836 530 991 539 794 522 1036 533 898 639 932 640 889 726 929 728 871 805 938 808 
883 530 948 533 836 530 991 539 794 522 1036 533 898 639 932 640 889 726 929 728 871 805 938 808 
883 530 948 533 836 530 991 539 794 522 1036 533 898 639 932 640 889 726 929 728 872 805 938 808 
883 530 948 533 836 530 991 539 794 522 1036 533 898 639 932 640 889 726 929 728 872 805 938 808 
883 530 948 533 836 530 991 539 794 522 1036 533 898 639 932 640 889 726 929 728 872 805 938 808 
883 530 948 533 836 530 991 539 794 522 1036 533 898 639 932 640 889 726 929 728 872 805 938 808 
883 530 948 533 836 530 991 539 794 522 1036 533 898 639 932 640 889 726 929 728 872 805 937 808 
883 530 948 533 836 530 991 539 794 522 1036 533 898 639 932 640 889 726 929 728 872 805 937 808 
883 530 948 533 836 530 991 539 794 522 1036 532 898 639 932 640 889 726 929 728 872 805 938 807 
883 530 948 533 836 530 991 539 794 521 1036 532 898 639 932 640 889 725 929 728 872 805 938 807 
883 530 948 533 836 529 991 539 794 521 1036 532 898 639 932 640 889 725 929 728 872 805 938 807 
883 530 948 533 836 529 991 538 794 521 1036 532 898 639 932 640 889 725 929 728 872 805 938 807 
883 530 949 533 836 529 991 538 794 521 1036 532 898 639 932 640 889 725 929 728 872 804 938 807 
883 530 949 533 836 529 991 538 794 521 1036 532 898 639 932 640 889 725 929 728 872 804 938 807 
883 530 949 533 836 529 991 538 794 521 1036 532 898 639 932 640 889 725 929 728 872 804 938 807 
883 530 949 533 836 529 992 538 794 521 1036 532 898 639 932 640 889 725 929 727 872 804 938 807 
883 530 949 533 836 529 992 538 794 521 1036 532 898 639 931 640 889 725 929 727 872 804 938 807 
883 530 949 533 836 529 992 538 794 521 1036 532 898 639 931 640 889 725 929 727 872 804 938 807 
883 530 949 533 836 529 992 538 794 521 1037 532 898 639 931 640 889 725 929 727 872 804 938 807 
883 530 949 533 836 529 992 538 794 521 1037 532 898 639 931 640 889 725 929 727 872 804 938 807 
883 530 949 533 836 529 992 538 794 521 1037 532 898 639 931 640 889 725 929 727 872 804 938 807 
883 530 949 533 836 529 992 538 794 521 1037 532 898 639 931 639 889 725 929 727 872 804 938 807 
883 530 949 533 836 529 992 538 794 521 1037 531 898 639 931 639 889 725 929 727 872 804 938 807 
883 530 949 532 836 529 993 538 794 521 1038 531 898 639 931 639 889 725 929 727 872 804 938 807 
883 530 949 532 836 529 993 538 794 521 1038 531 898 639 931 639 889 725 929 727 872 804 938 807 
883 530 949 532 836 529 993 538 794 521 1038 531 898 639 931 639 889 725 929 727 872 804 938 806 
883 530 949 532 836 528 993 538 794 521 1038 531 898 639 931 639 889 725 929 727 872 804 938 806 
883 530 949 532 836 528 993 538 794 521 1038 530 898 639 931 639 889 725 929 727 872 804 938 806 
883 530 949 532 836 528 993 538 794 521 1038 530 898 639 931 639 889 725 929 727 872 804 938 806 
883 530 949 532 836 528 993 538 794 521 1038 530 898 639 931 639 889 725 930 727 872 804 938 806 
883 530 949 532 836 528 993 538 793 521 1038 529 898 639 931 639 889 725 930 727 872 804 938 806 
883 530 949 532 836 528 992 538 793 521 1038 529 898 639 931 639 889 725 930 727 872 804 938 806 
883 530 949 532 836 528 992 538 793 521 1038 529 898 639 931 639 889 725 930 727 872 804 938 807 
883 530 949 532 836 528 992 538 793 521 1038 529 898 639 931 639 889 725 930 727 872 804 938 807 
883 530 949 532 836 528 992 538 793 521 1038 529 898 639 931 639 889 725 930 727 872 804 938 807 
883 530 949 532 836 528 992 538 793 521 1038 529 898 639 931 639 889 725 930 727 872 804 938 807 
883 530 949 532 836 528 992 537 793 521 1038 529 898 639 931 639 889 725 930 727 872 804 938 807 
883 530 949 532 836 528 992 537 793 521 1038 529 898 639 931 639 889 725 930 727 872 804 938 807 
883 530 949 532 836 528 992 537 793 521 1038 529 898 639 931 640 889 725 930 727 872 804 937 807 
883 530 949 532 836 528 992 537 793 521 1038 529 897 639 931 640 889 726 930 727 872 804 937 807 
883 530 949 532 836 528 992 537 793 521 1038 529 897 639 931 640 889 726 930 727 872 804 937 807 
883 530 949 532 836 529 992 537 793 521 1038 529 897 639 931 640 889 726 930 727 872 804 937 807 
883 530 949 532 836 529 992 537 793 521 1038 529 897 639 931 640 889 726 930 727 872 804 937 807 
883 530 949 532 836 529 992 537 793 521 1038 529 897 639 931 640 889 726 930 727 872 804 937 807 
883 530 949 532 836 529 992 537 793 521 1038 529 897 639 931 640 889 726 930 727 872 804 937 807 
883 530 949 532 836 529 992 537 793 521 1038 529 897 639 931 640 889 726 930 727 872 805 937 807 
883 530 949 532 836 529 992 537 793 521 1038 529 897 639 931 640 889 726 930 727 872 805 937 807 
883 530 949 532 836 529 992 537 793 521 1038 529 897 639 931 639 889 726 930 727 872 805 937 807 
883 530 949 532 836 529 992 537 793 521 1039 529 897 639 931 639 889 726 930 727 872 805 937 807 
883 530 949 533 836 529 992 537 793 521 1039 529 897 639 931 639 889 726 930 727 872 805 937 807 
883 530 949 533 836 529 992 537 793 521 1039 529 897 639 931 639 889 726 930 727 872 804 937 807 
883 530 949 533 836 529 992 537 793 521 1039 530 897 639 931 639 889 726 930 727 872 804 937 807 
883 530 949 533 836 529 992 538 793 521 1039 531 897 639 931 640 889 726 930 727 872 804 937 807 
883 530 948 533 836 529 992 538 793 521 1038 532 897 639 931 640 889 726 930 727 872 804 937 807 
883 530 949 533 836 529 992 538 793 521 1038 532 897 639 931 640 889 726 930 727 872 804 937 807 
883 530 949 533 836 529 991 538 793 521 1038 533 897 639 931 640 889 726 930 727 872 804 937 807 
883 530 949 533 836 529 991 538 793 521 1038 533 897 639 931 640 889 726 930 727 872 805 937 807 
883 530 949 533 836 529 991 538 793 521 1038 533 897 639 931 640 889 726 930 727 872 805 937 807 
883 530 949 533 836 529 991 538 793 521 1038 533 897 639 931 640 889 726 930 726 872 805 937 807 
883 530 949 533 837 529 991 538 793 521 1038 533 897 639 931 640 889 726 930 726 872 805 937 806 
883 530 949 533 837 529 991 538 793 521 1038 533 897 639 930 640 889 726 930 726 872 805 937 806 
883 530 949 533 837 528 991 538 794 521 1038 533 897 639 930 640 889 726 930 726 872 805 937 805 
883 530 949 533 837 528 991 538 794 521 1038 533 897 639 930 640 889 726 930 726 872 805 937 805 
883 530 949 533 837 528 991 538 794 521 1038 533 897 639 930 640 889 726 929 726 872 805 937 805 
883 530 949 533 837 528 991 538 794 521 1038 533 897 639 930 640 889 726 929 726 872 805 937 805 
883 530 949 533 837 528 992 538 794 521 1038 532 897 639 930 640 889 726 929 726 872 805 937 805 
883 530 949 533 837 528 992 538 794 520 1038 532 897 639 930 640 889 726 929 726 872 805 937 805 
884 530 949 533 837 528 992 538 794 520 1039 531 897 639 930 640 889 726 929 726 872 805 937 804 
884 530 949 533 837 528 992 538 794 520 1039 530 897 639 930 640 888 726 930 726 872 805 937 805 
884 530 949 533 837 528 992 538 794 520 1038 530 897 639 930 639 888 726 930 726 872 805 937 805 
884 530 949 533 837 528 993 538 794 520 1038 530 897 639 930 639 888 726 930 726 872 805 937 805 
884 530 949 533 837 529 993 538 794 520 1038 530 897 639 930 639 888 726 930 725 872 805 937 805 
884 530 949 533 837 529 993 538 795 520 1038 529 897 638 930 639 888 726 930 725 872 805 937 805 
884 530 949 533 837 529 993 538 795 520 1038 529 897 638 930 639 888 726 930 725 872 805 937 805 
884 530 949 533 837 529 993 538 795 520 1038 529 897 638 930 639 888 726 930 725 872 805 937 805 
884 530 949 533 837 529 993 538 795 520 1038 529 896 638 930 639 888 726 930 725 872 805 937 805 
884 530 949 533 837 529 993 538 795 520 1038 529 896 638 930 639 888 726 930 725 872 805 937 805 
884 530 949 533 836 529 993 538 795 520 1038 530 896 639 930 639 888 727 930 726 872 805 937 805 
883 530 949 533 836 529 993 538 795 520 1038 530 896 639 930 639 888 727 930 726 872 805 937 805 
883 530 949 533 835 529 993 538 795 520 1038 531 896 639 930 639 888 727 930 726 872 805 937 805 
883 530 949 533 835 529 992 538 795 520 1038 531 896 639 930 639 888 727 930 726 872 805 937 805 
883 530 949 533 835 529 992 538 795 520 1037 531 896 639 930 639 888 727 930 726 872 805 937 805 
883 530 949 533 835 529 992 538 795 521 1037 531 896 639 930 639 888 727 930 726 872 806 937 805 
883 530 949 533 835 529 992 538 795 521 1037 531 896 639 930 639 888 727 931 726 872 806 937 805 
883 530 949 533 835 529 992 538 795 521 1037 530 896 639 930 639 888 727 931 726 872 806 937 805 
883 530 949 533 835 529 991 538 795 521 1037 530 896 639 930 639 888 727 931 726 872 806 937 805 
883 530 949 533 835 529 991 538 795 521 1037 530 896 639 930 639 888 727 931 726 872 806 937 805 
883 529 949 533 835 529 991 538 795 521 1036 530 896 639 930 639 888 727 931 726 872 806 937 804 
883 529 949 533 836 529 991 538 795 521 1036 530 896 639 930 639 888 727 931 726 872 806 937 805 
883 529 949 533 836 529 991 538 795 521 1036 530 896 639 930 639 888 727 931 726 872 806 937 805 
883 529 948 533 836 529 991 538 795 521 1036 530 896 639 930 639 888 727 931 726 872 806 937 804 
883 529 948 533 836 528 991 538 795 521 1036 530 896 639 930 639 888 727 931 726 872 806 937 804 
883 529 948 532 836 528 991 538 795 521 1036 530 896 639 930 639 888 727 931 726 872 806 937 804 
883 529 948 532 836 528 991 538 795 521 1036 530 896 638 930 639 888 727 931 726 872 806 937 804 
883 529 948 532 836 528 991 538 795 521 1036 530 896 638 930 639 888 727 931 726 872 806 937 804 
883 529 948 532 836 528 990 538 795 521 1036 530 896 638 930 639 888 727 931 726 872 806 937 804 
882 529 948 532 836 528 990 538 795 521 1036 530 896 638 930 639 888 727 931 726 872 806 937 804 
882 529 948 532 836 528 990 538 795 521 1036 530 896 638 930 639 888 727 931 725 872 806 937 804 
882 529 948 532 836 528 990 538 794 520 1036 529 896 638 930 639 888 726 931 725 872 805 937 804 
882 529 948 532 836 528 990 537 794 520 1036 529 896 638 930 639 888 726 931 726 872 805 936 804 
882 529 948 532 836 528 990 537 794 520 1037 529 896 638 930 639 888 726 931 726 872 805 936 804 
882 529 948 532 836 528 990 537 793 520 1037 529 896 638 930 639 888 726 930 726 872 805 936 804 
882 529 948 532 836 528 990 537 793 520 1037 529 896 638 930 639 888 726 930 726 872 805 936 804 
882 529 948 532 836 528 990 537 793 520 1037 528 896 639 930 639 888 727 930 726 872 806 936 804 
882 529 948 532 836 528 990 537 793 520 1037 528 896 639 930 639 888 727 930 725 872 806 936 804 
882 529 948 532 836 527 990 537 794 520 1037 528 896 639 930 639 888 727 930 725 872 806 936 804 
882 529 948 532 836 527 990 537 794 520 1037 528 896 639 930 639 888 727 930 725 872 806 936 804 
882 529 948 532 836 527 990 537 794 520 1037 528 896 639 930 639 888 727 930 726 872 806 936 804 
882 529 948 532 836 527 990 537 793 520 1037 527 896 639 930 639 888 728 930 726 872 806 936 804 
882 529 948 532 836 527 990 537 793 520 1037 527 896 639 930 639 888 728 930 726 872 806 936 804 
882 529 948 532 836 527 990 537 793 520 1037 527 896 639 930 639 888 728 930 726 872 806 936 804 
882 529 947 532 836 527 990 537 793 520 1037 527 896 639 930 640 888 728 930 726 872 806 936 805 
882 529 947 532 836 527 990 537 794 520 1037 527 896 639 930 640 888 728 930 726 872 806 936 805 
882 529 947 532 836 527 990 537 794 520 1036 527 896 639 930 640 888 728 930 726 872 806 936 805 
882 529 947 532 836 527 990 537 794 520 1036 527 896 639 930 640 888 728 930 726 872 806 936 805 
882 529 947 532 836 528 990 537 794 520 1036 527 896 639 929 640 888 728 930 726 872 806 936 805 
882 529 947 532 836 528 990 537 794 520 1036 527 896 639 929 640 888 728 930 726 872 806 936 805 
882 529 947 532 836 528 990 537 794 520 1036 528 896 639 929 640 888 728 929 726 872 806 936 805 
882 529 947 532 836 528 990 536 794 520 1036 528 896 639 929 640 888 728 929 726 872 806 936 805 
882 529 947 532 836 528 990 536 794 520 1036 528 896 639 929 640 888 728 929 726 872 806 936 805 
882 529 947 532 836 528 990 536 794 520 1036 528 897 639 929 640 888 728 929 726 871 806 936 805 
882 529 947 532 836 528 990 536 794 520 1036 528 897 639 929 640 888 728 929 726 871 806 936 805 
882 529 947 532 836 528 990 536 794 520 1036 528 897 639 929 640 888 728 929 726 871 806 936 805 
882 529 947 532 836 528 990 536 794 520 1036 527 897 639 929 640 888 728 929 726 871 806 936 805 
882 529 947 532 837 528 990 536 794 521 1036 527 897 639 929 640 888 728 929 726 871 806 936 806 
882 529 947 532 837 529 990 536 794 521 1036 527 897 639 930 640 888 728 929 726 871 806 936 806 
882 529 947 532 837 529 990 536 794 521 1036 527 897 639 930 640 888 728 929 727 871 806 936 806 
882 529 948 532 837 529 990 536 794 521 1036 527 897 639 930 640 888 728 929 727 871 806 936 806 
882 530 947 532 837 529 990 536 794 521 1036 527 897 639 930 640 888 727 929 727 871 807 936 806 
881 530 947 532 836 529 990 536 794 521 1036 527 897 639 930 640 888 727 929 727 872 807 936 806 
881 530 947 532 836 529 990 536 794 521 1036 527 897 639 930 640 888 727 929 727 872 807 936 807 
881 530 947 532 836 529 990 536 794 521 1036 527 897 639 930 640 888 727 929 727 872 807 936 807 
881 530 947 532 836 529 990 536 794 521 1036 527 897 639 930 640 888 727 929 727 872 807 936 807 
881 530 947 532 836 529 990 536 794 521 1036 527 897 639 930 640 888 727 929 728 872 807 936 807 
881 530 947 532 836 529 990 536 794 521 1036 527 897 639 930 640 888 727 929 728 872 807 936 807 
881 530 947 532 836 529 990 536 794 521 1036 527 897 639 930 640 888 727 929 728 872 807 936 807 
881 530 947 532 836 530 990 536 794 521 1036 527 897 639 930 640 888 727 929 728 872 807 936 807 
881 530 947 532 836 530 990 536 794 521 1036 527 897 639 930 640 888 728 929 728 872 807 936 807 
881 530 947 532 836 530 990 536 793 521 1036 527 897 640 930 640 888 728 929 728 872 807 936 807 
881 530 947 532 836 530 990 536 793 521 1036 527 897 640 929 640 888 728 929 728 872 807 936 807 
881 530 947 532 836 530 990 536 794 521 1036 527 897 640 929 640 888 728 929 728 872 807 936 807 
881 530 947 532 836 530 990 536 794 521 1036 527 897 640 929 640 888 728 929 728 872 807 936 807 
881 530 947 532 835 530 990 536 794 521 1036 527 897 640 929 640 888 728 929 728 872 807 936 807 
881 530 947 532 835 530 990 536 794 521 1036 527 897 640 929 640 888 728 929 728 872 807 936 807 
881 530 947 532 835 530 991 536 794 521 1036 527 897 640 929 640 888 728 929 728 872 807 936 807 
881 530 947 532 835 530 991 536 794 521 1036 528 897 640 929 640 888 728 929 728 872 807 936 807 
881 530 947 532 835 530 991 537 794 521 1037 528 896 640 929 640 888 728 929 728 872 807 936 807 
881 530 947 532 835 530 991 537 794 521 1037 528 896 640 929 640 888 728 929 728 871 807 936 807 
881 530 947 532 835 530 991 537 794 521 1037 528 896 640 929 640 888 728 929 728 871 807 936 807 
881 530 947 532 835 530 991 537 794 521 1037 528 896 640 929 640 888 728 929 728 871 807 936 807 
881 530 947 532 835 530 991 537 794 522 1036 528 896 640 929 640 887 728 929 728 871 807 936 807 
881 530 947 532 835 530 991 537 794 522 1036 528 896 640 929 640 887 728 929 728 871 807 936 807 
881 530 947 532 835 530 991 537 794 522 1036 528 896 640 929 640 887 728 929 728 871 807 936 807 
881 530 947 532 835 530 991 537 794 522 1036 528 896 640 929 640 887 728 929 728 871 807 936 807 
881 530 947 532 835 530 991 537 794 522 1036 528 896 640 929 640 887 728 929 728 871 807 936 807 
881 530 947 532 835 530 991 537 793 522 1036 528 896 640 929 640 887 728 929 728 871 807 936 807 
881 530 947 533 834 530 991 537 793 522 1036 528 896 640 929 640 887 728 929 728 871 807 936 807 
881 530 947 533 834 530 991 537 793 522 1036 528 896 640 929 640 887 728 929 728 871 807 936 807 
881 530 947 532 834 530 991 537 792 522 1036 528 896 640 929 640 887 727 929 728 871 807 936 808 
881 530 947 532 834 530 991 537 792 522 1037 528 896 640 929 640 887 727 929 728 871 807 936 808 
881 530 947 532 834 530 991 537 792 522 1037 528 896 640 929 640 887 727 929 728 871 807 936 808 
881 530 947 532 834 530 991 537 792 522 1037 528 896 640 929 641 887 727 929 728 871 807 936 808 
881 530 947 532 834 530 991 537 792 522 1037 528 896 640 929 641 887 727 929 728 871 807 936 808 
881 530 947 532 834 530 991 537 792 522 1037 528 896 640 929 641 887 727 929 728 871 807 936 808 
881 530 947 532 834 530 991 537 792 522 1037 528 896 640 929 641 887 727 929 728 871 807 936 808 
881 530 947 532 834 530 991 537 793 522 1037 528 896 640 929 641 887 727 929 728 871 807 936 808 
881 530 947 532 834 530 990 537 793 522 1037 528 896 640 929 641 887 728 929 728 871 807 936 808 
881 530 947 532 834 530 990 537 793 522 1036 528 896 640 929 641 887 728 929 728 871 807 936 808 
881 530 947 532 834 530 990 537 793 522 1036 528 896 640 929 641 887 728 929 728 871 807 936 808 
881 530 946 532 834 530 990 537 793 522 1036 528 895 640 929 641 887 728 929 728 871 807 936 808 
881 530 946 533 834 530 990 537 793 522 1036 528 895 640 929 641 887 728 929 728 871 807 936 807 
881 530 946 533 834 530 990 537 793 522 1036 528 895 640 929 641 886 728 929 728 871 807 936 807 
881 530 946 533 834 530 990 537 793 522 1036 528 895 640 929 641 886 728 929 728 871 807 936 807 
881 530 946 533 834 530 990 537 793 522 1036 528 895 640 929 641 886 728 929 728 871 807 936 807 
881 530 946 533 834 530 990 537 793 522 1036 528 895 640 929 641 886 728 929 728 871 807 936 807 
881 530 946 533 834 530 990 537 793 522 1036 528 895 640 929 641 886 728 929 728 871 807 936 807 
881 530 946 533 834 530 990 537 793 522 1036 528 895 640 929 641 886 728 929 728 871 807 936 807 
881 530 946 533 834 530 990 537 793 522 1036 528 895 640 929 641 886 728 929 728 871 807 936 807 
881 530 946 533 834 529 990 537 793 522 1036 528 895 640 929 641 886 728 929 728 871 807 936 807 
881 530 946 533 834 529 990 537 793 522 1036 528 895 640 929 641 886 728 929 728 871 807 936 807 
881 530 946 533 834 529 990 537 793 522 1036 528 895 640 929 640 886 728 929 728 871 807 936 807 
881 530 946 533 834 529 990 537 793 522 1036 528 895 640 929 640 886 728 929 728 871 807 936 807 
881 530 946 533 834 529 990 537 793 521 1035 528 895 640 929 640 886 728 929 728 871 807 936 807 
881 530 946 533 834 529 990 537 792 521 1035 529 895 640 929 640 886 728 929 728 871 807 936 807 
881 530 946 533 834 529 990 537 792 521 1035 529 895 640 929 640 886 728 929 728 871 807 936 807 
881 530 946 533 834 529 990 537 792 521 1035 529 895 640 929 640 886 728 929 727 871 807 936 806 
881 530 946 533 834 528 989 537 792 521 1035 529 895 640 929 640 886 728 929 727 871 807 936 806 
881 530 946 533 834 528 989 537 792 521 1035 529 895 640 929 640 886 728 929 727 871 807 936 806 
881 530 946 533 834 528 990 537 792 521 1035 529 895 640 928 640 886 727 929 727 871 807 936 806 
881 530 946 533 834 528 990 537 792 521 1036 529 895 640 928 640 887 727 929 726 871 807 936 806 
882 530 947 533 834 528 990 537 792 521 1036 529 895 640 928 640 887 727 929 726 871 807 936 806 
882 530 947 533 835 528 990 537 792 521 1036 529 895 639 928 640 887 727 929 726 871 807 935 806 
882 530 947 533 835 528 990 537 792 521 1036 529 895 639 928 640 887 727 929 726 871 807 935 806 
882 530 947 533 835 528 990 537 792 521 1036 529 895 639 928 640 887 727 929 725 871 807 935 806 
882 530 947 533 835 528 990 537 792 521 1036 529 895 639 928 640 887 727 929 725 871 807 935 806 
883 530 947 533 835 529 990 537 793 521 1036 529 895 639 928 640 887 727 929 725 871 807 935 806 
883 530 947 533 835 529 990 537 793 521 1036 529 895 639 928 640 887 726 929 725 871 807 935 806 
882 530 947 533 835 529 990 537 793 520 1036 528 895 639 928 640 887 727 929 725 871 807 935 806 
882 530 947 533 835 529 990 537 793 520 1036 528 895 639 928 640 887 726 929 725 871 807 935 806 
882 530 947 533 835 529 990 537 793 520 1036 528 895 639 928 640 887 726 929 725 871 806 935 806 
882 530 947 533 835 529 990 537 793 520 1036 528 895 639 928 640 887 726 929 725 871 806 935 806 
882 530 947 533 835 529 990 537 793 520 1036 528 895 639 928 640 887 726 930 725 871 806 935 806 
883 530 947 533 835 529 990 537 793 520 1036 528 895 639 928 640 887 726 930 725 871 806 935 806 
883 530 947 533 835 529 990 537 793 520 1036 528 895 639 928 640 887 727 930 725 871 806 935 806 
883 530 947 533 835 529 990 537 793 520 1036 528 895 639 928 640 887 727 930 725 871 806 935 806 
883 529 947 533 835 528 990 537 793 520 1036 527 895 639 928 640 887 727 930 725 871 806 935 806 
883 529 947 533 835 529 990 537 793 520 1036 527 895 639 928 640 887 727 930 725 871 806 935 805 
883 529 947 533 835 529 990 537 793 520 1036 527 895 639 928 640 887 727 930 726 871 806 935 806 
883 529 947 533 835 529 990 537 793 520 1036 527 895 639 928 640 887 727 930 726 871 806 935 806 
883 529 947 533 835 529 990 537 793 520 1036 527 895 639 928 640 887 727 930 726 871 806 935 806 
883 529 947 533 835 529 990 537 793 520 1036 527 895 639 928 640 887 727 929 726 871 806 935 806 
882 529 947 533 835 529 990 537 793 520 1036 527 895 639 928 640 887 727 929 726 871 806 935 806 
882 529 947 533 834 529 990 537 793 520 1036 527 895 639 928 640 887 727 929 726 871 806 935 806 
882 529 947 533 834 529 990 537 793 520 1036 527 895 639 928 640 887 727 929 726 871 806 935 806 
882 529 947 533 834 529 990 537 793 520 1036 527 895 639 928 640 887 726 929 726 871 806 935 806 
882 529 947 533 834 529 990 537 793 520 1036 527 895 639 928 640 887 726 929 726 871 806 935 806 
882 529 947 533 834 529 991 537 793 520 1036 527 895 639 928 640 887 726 929 726 871 805 935 806 
882 529 947 533 834 529 991 537 793 520 1036 527 895 639 928 640 887 726 929 726 871 805 935 806 
882 529 947 533 834 529 991 537 794 520 1036 527 895 639 928 640 887 727 929 727 871 806 935 806 
882 529 947 533 835 529 991 537 794 520 1036 527 895 639 928 640 887 727 929 727 871 806 935 806 
882 529 947 533 835 529 991 536 794 520 1036 526 895 639 928 640 887 727 929 727 871 806 935 806 
882 529 947 533 835 529 991 536 794 520 1037 526 895 639 928 640 887 727 929 727 871 806 935 806 
882 529 947 533 835 529 991 536 794 520 1037 526 895 639 928 640 887 727 929 727 871 806 935 806 
882 529 947 533 835 529 991 536 794 520 1037 526 895 639 928 640 887 727 929 727 871 806 935 806 
882 529 947 533 835 529 991 536 795 520 1037 526 895 639 928 640 887 727 929 727 871 806 935 806 
882 529 947 533 835 529 991 536 795 520 1037 526 895 639 928 640 887 727 929 727 871 806 935 806 
882 529 947 533 835 529 991 536 795 520 1037 526 895 639 928 640 887 727 929 727 871 806 935 806 
882 529 947 533 835 529 991 536 795 520 1037 525 895 639 928 640 887 727 929 727 871 806 935 806 
882 529 947 533 835 529 991 536 795 520 1036 525 895 639 928 640 887 727 929 727 871 806 935 806 
882 529 947 532 835 529 991 536 795 520 1036 525 895 639 928 640 887 727 929 727 871 806 935 806 
882 530 947 532 835 529 991 536 795 520 1036 525 895 639 928 640 887 727 929 727 871 807 935 806 
882 530 947 532 835 529 991 536 795 520 1035 526 895 639 928 640 887 727 929 727 871 807 935 806 
882 530 947 532 835 529 991 536 795 520 1035 526 895 639 928 640 887 727 929 727 871 807 935 806 
882 530 947 532 835 529 991 536 795 520 1035 526 895 639 928 640 887 727 929 727 871 807 935 806 
882 530 947 532 835 529 991 536 795 520 1035 526 895 639 928 640 887 727 929 727 871 807 935 806 
882 530 947 532 835 529 991 536 795 520 1035 526 895 639 928 640 887 727 929 727 871 807 935 806 
882 530 947 532 835 529 991 536 795 520 1035 526 895 639 928 640 887 728 929 727 871 807 935 806 
882 530 947 532 835 529 991 536 795 520 1035 525 895 639 928 640 887 728 929 727 871 807 936 806 
882 530 947 532 835 529 991 536 795 520 1035 525 895 639 928 640 887 728 929 727 871 806 936 806 
882 530 947 532 835 529 991 536 795 520 1035 525 895 639 928 640 887 728 929 727 871 806 936 806 
882 530 947 532 835 529 991 536 795 520 1035 525 895 639 928 640 887 728 929 727 871 806 936 806 
882 530 947 532 835 529 991 536 795 520 1035 525 895 639 928 640 887 727 929 727 871 806 936 806 
882 530 947 532 835 529 992 536 795 520 1035 525 895 639 928 640 887 727 929 727 871 806 936 806 
882 530 947 532 835 529 992 536 795 520 1035 525 895 639 928 640 887 727 929 727 871 806 936 806 
882 530 946 532 835 529 992 536 795 520 1035 525 895 639 928 640 887 727 929 726 871 806 936 806 
882 530 946 532 835 529 992 536 795 520 1035 525 895 639 928 640 887 727 929 726 871 806 936 806 
882 531 946 532 835 529 992 536 795 520 1035 525 895 639 928 640 887 727 929 726 871 806 936 806 
882 531 946 532 835 529 992 536 795 520 1035 525 895 639 928 640 887 727 929 726 871 806 936 806 
882 531 946 533 835 529 992 536 794 520 1036 525 895 639 928 640 887 727 929 726 871 806 936 806 
882 531 946 533 835 528 992 536 794 520 1036 525 895 639 928 640 887 727 929 726 871 806 935 806 
881 531 946 533 835 528 992 535 794 520 1036 525 895 639 928 640 887 728 929 726 871 806 935 806 
881 530 946 533 835 528 992 535 794 520 1036 525 895 639 928 640 887 728 929 726 871 806 935 806 
881 530 946 533 835 528 992 535 794 520 1036 525 895 639 928 640 887 728 929 726 871 806 935 806 
881 530 946 533 835 528 992 535 794 520 1036 525 895 639 928 640 887 728 929 726 871 806 935 806 
881 530 946 533 835 528 992 535 794 520 1036 525 895 639 928 640 886 728 929 726 871 806 935 806 
881 530 946 533 835 528 992 535 794 520 1036 525 895 639 928 640 886 728 929 726 871 806 935 806 
881 530 946 533 835 528 992 535 794 520 1036 525 895 639 928 640 886 728 929 726 871 806 935 806 
881 530 946 533 835 528 992 535 794 520 1036 525 895 639 928 640 886 728 929 726 871 806 935 807 
881 530 946 533 834 528 992 535 794 520 1036 525 895 639 928 640 886 728 929 726 871 806 935 807 
881 530 946 533 834 528 992 535 794 520 1036 525 895 639 928 640 886 728 929 726 871 806 935 806 
881 530 946 533 834 528 991 535 794 520 1036 525 895 639 928 640 886 728 929 726 871 806 935 806 
881 530 946 533 834 528 991 535 794 520 1036 525 894 639 927 640 886 728 929 726 871 806 935 806 
881 530 946 533 834 528 991 535 794 520 1036 525 894 639 927 640 886 728 929 727 871 806 935 806 
881 530 946 533 834 528 991 535 794 520 1036 525 894 639 927 640 886 728 929 727 871 806 935 806 
881 530 946 533 834 528 991 535 794 520 1036 525 894 639 927 640 886 728 929 727 871 806 935 806 
881 530 946 533 834 528 991 535 794 520 1036 525 894 639 927 640 886 728 929 727 871 806 935 806 
881 530 946 533 835 528 991 536 794 520 1036 525 894 639 927 640 886 728 929 727 871 806 935 806 
881 530 946 533 835 528 990 536 794 520 1035 526 894 639 927 640 886 728 929 727 871 806 935 806 
881 530 946 533 835 529 990 536 794 520 1035 526 894 639 927 640 886 728 929 727 871 806 935 806 
881 530 946 533 835 529 990 536 794 520 1035 526 894 639 927 640 886 728 929 727 871 806 935 806 
881 530 946 533 835 529 990 537 794 520 1035 526 894 639 927 640 886 728 929 727 871 806 935 806 
881 530 946 533 835 529 990 537 794 520 1035 526 894 639 927 640 886 728 929 727 871 806 935 806 
881 530 946 533 835 529 989 537 794 520 1035 527 894 639 927 640 886 728 929 727 871 806 935 806 
881 530 946 533 835 529 989 537 794 520 1035 527 894 639 927 640 886 728 929 727 871 806 935 806 
881 530 946 533 835 529 989 537 794 520 1035 527 894 639 927 640 886 728 929 727 871 806 935 806 
881 530 946 533 835 529 989 537 794 520 1035 527 894 639 927 640 886 728 929 727 871 805 935 806 
881 530 946 533 835 529 989 537 794 520 1035 527 894 639 927 640 886 728 929 727 871 805 935 806 
881 530 946 533 835 529 989 537 794 520 1035 527 894 639 927 640 886 728 929 727 871 805 935 806 
881 530 946 533 835 528 990 537 794 520 1035 527 894 639 927 640 886 728 929 727 871 806 935 807 
881 530 946 533 835 528 990 537 794 520 1035 526 894 639 927 640 886 728 929 727 871 806 935 807 
881 530 946 533 835 528 990 537 794 520 1036 526 894 639 927 640 886 728 929 727 871 806 935 807 
881 530 946 533 835 528 990 536 794 520 1036 526 894 639 927 640 886 728 929 727 871 806 935 807 
881 530 946 533 835 528 990 536 794 520 1035 526 894 639 927 640 886 728 929 727 871 806 935 807 
881 530 946 533 835 528 990 536 794 520 1035 526 894 639 927 640 886 728 929 726 871 806 935 807 
881 530 946 533 835 528 990 536 793 520 1035 526 894 639 927 640 886 728 929 726 871 806 935 807 
881 530 946 533 835 527 991 536 793 519 1035 526 894 639 927 640 886 728 929 726 871 806 935 807 
881 530 946 533 835 527 991 536 793 519 1035 526 894 639 927 640 886 728 929 726 871 807 935 807 
881 530 946 533 835 527 991 536 793 519 1035 526 894 639 927 640 886 728 929 726 871 807 935 807 
881 530 946 533 835 527 991 536 793 519 1035 526 894 639 927 640 886 728 929 726 871 807 935 807 
881 530 946 533 835 527 991 536 793 519 1035 525 894 639 927 640 886 728 929 726 871 807 934 807 
881 530 946 533 835 527 991 536 793 519 1036 525 894 639 927 640 886 728 929 726 871 807 934 807 
881 530 946 533 835 527 991 536 793 519 1036 525 894 639 927 641 886 728 929 727 871 807 934 807 
881 530 946 533 835 527 991 536 793 519 1036 525 894 639 927 641 886 728 929 727 871 807 934 807 
881 530 946 533 835 527 991 536 793 519 1036 525 894 640 927 641 886 728 929 727 871 807 934 807 
881 530 946 533 835 527 991 536 793 519 1036 525 894 640 927 641 886 728 929 727 871 808 934 807 
881 530 946 533 835 526 991 536 793 519 1036 526 894 640 927 641 886 728 929 727 871 808 934 808 
881 530 946 533 835 526 991 536 793 519 1036 526 894 640 927 641 886 728 929 727 871 808 934 808 
881 530 946 533 835 526 991 536 793 519 1036 526 894 640 927 641 886 728 929 727 871 808 934 808 
881 530 946 533 835 526 991 536 794 519 1036 526 894 640 927 641 886 729 929 727 871 808 934 808 
881 530 946 533 835 526 991 536 794 519 1036 526 894 640 927 641 886 729 929 727 871 808 934 808 
881 530 946 533 835 526 991 536 794 519 1036 526 894 640 927 641 886 729 929 728 871 808 934 808 
881 530 946 533 835 526 991 536 794 519 1036 526 894 640 927 641 886 729 929 728 871 808 934 808 
881 530 946 533 835 526 991 536 794 519 1036 526 894 640 927 641 886 729 929 728 871 808 934 808 
881 530 946 533 835 526 991 536 794 519 1036 526 894 640 927 641 886 729 929 728 871 808 934 808 
881 530 946 533 835 526 991 536 794 519 1036 526 894 640 927 641 886 729 929 728 871 808 934 808 
881 530 946 533 835 526 991 536 794 519 1036 526 894 640 927 641 886 729 929 728 871 808 934 807 
881 530 946 533 835 526 991 536 794 519 1036 526 894 640 927 641 886 729 929 727 871 808 934 807 
881 530 946 533 835 526 991 536 794 519 1036 526 894 640 927 641 886 729 929 727 871 808 934 807 
881 530 946 533 835 526 991 536 794 518 1036 526 894 640 927 641 886 729 929 728 871 808 934 807 
881 530 946 533 835 526 991 536 794 518 1036 526 894 640 927 641 886 729 929 729 871 808 935 807 
881 530 946 533 835 526 991 536 794 518 1036 526 894 640 927 641 886 729 929 729 871 808 935 807 
881 530 946 533 835 526 991 536 794 518 1036 526 894 640 927 641 886 729 929 729 871 808 935 807 
881 530 946 533 835 526 991 537 794 518 1036 526 894 640 927 641 886 729 929 729 871 808 935 807 
881 529 946 533 835 526 991 537 794 518 1036 527 894 640 927 641 886 729 929 729 871 807 935 807 
881 529 946 533 835 526 991 537 794 518 1036 527 894 640 927 641 886 729 929 729 871 807 935 807 
881 529 947 533 835 526 991 537 794 518 1037 527 894 640 927 641 886 729 929 729 871 807 935 807 
881 529 947 533 835 526 991 537 794 518 1037 527 894 640 927 641 886 729 929 729 871 807 935 807 
881 529 947 533 835 527 991 537 794 518 1037 527 894 640 927 641 886 729 929 729 871 807 935 807 
881 529 947 533 835 528 991 538 794 519 1037 528 894 640 927 641 886 729 929 729 871 807 935 807 
881 529 947 533 835 530 991 539 794 520 1037 531 894 640 927 641 886 729 929 729 871 807 935 807 
881 530 947 534 834 532 991 542 794 523 1037 536 894 640 927 641 886 728 929 729 871 807 935 807 
881 530 947 534 835 535 990 546 794 529 1037 542 894 640 927 641 886 728 929 729 871 807 935 807 
881 530 947 534 835 540 988 551 794 535 1036 549 894 640 927 641 886 728 929 729 871 807 935 807 
882 531 947 535 837 545 987 557 795 543 1036 559 894 640 927 641 886 728 929 728 871 807 935 807 
882 532 947 536 839 549 985 564 800 553 1035 571 893 640 927 641 886 728 929 728 871 807 935 807 
882 532 947 537 840 555 983 572 803 564 1030 582 893 640 927 641 886 728 929 728 871 807 935 807 
882 533 946 538 842 561 979 578 807 574 1022 597 893 640 927 641 885 728 929 728 871 807 935 807 
882 534 945 538 844 568 972 582 812 585 1014 610 892 640 926 641 885 729 929 727 871 807 935 807 
882 535 945 538 847 573 967 586 816 597 1003 622 891 640 926 641 885 729 929 727 871 808 935 807 
882 535 944 538 851 577 960 589 822 607 991 632 891 640 926 641 885 729 929 727 871 808 935 806 
882 536 944 537 855 580 954 591 830 614 980 639 891 640 926 641 885 729 929 727 871 808 935 806 
882 537 943 538 857 583 948 592 833 621 969 645 891 640 926 641 885 729 929 727 871 808 935 806 
882 537 943 538 859 585 943 594 837 627 958 649 891 640 925 641 885 729 929 727 871 807 935 806 
881 537 941 538 862 587 938 594 841 632 951 650 890 640 923 641 885 729 928 728 871 808 934 806 
880 537 941 538 864 588 936 593 845 634 946 648 888 640 922 641 885 729 928 728 871 808 934 806 
878 537 939 538 865 592 935 594 846 642 945 649 886 640 921 641 885 729 927 728 871 808 934 806 
877 537 939 538 866 592 937 595 846 642 947 651 886 640 921 641 885 729 925 728 871 809 934 806 
875 537 938 538 865 593 938 596 847 644 950 650 884 640 920 641 884 729 924 728 872 809 934 806 
873 538 936 538 864 593 939 596 847 642 954 647 882 640 918 641 882 729 922 728 872 809 934 806 
871 539 934 538 863 592 940 595 845 642 956 645 880 640 916 641 880 729 922 727 872 809 934 806 
868 539 932 538 861 591 941 594 844 643 957 644 877 640 914 641 879 729 921 726 872 809 934 806 
865 539 929 538 858 592 942 594 844 645 961 643 874 640 911 641 877 729 921 726 871 809 934 806 
862 539 926 538 854 592 942 593 841 647 963 643 872 640 909 641 874 729 921 726 870 810 934 806 
859 539 923 539 850 594 942 593 838 648 965 640 869 641 907 641 871 729 921 726 869 810 934 806 
857 540 921 539 847 594 942 593 834 648 966 638 865 641 904 642 869 728 921 726 868 810 934 806 
854 541 918 539 843 596 942 593 830 649 967 637 863 642 902 642 867 729 921 726 866 811 934 805 
851 542 916 540 839 597 941 593 825 649 967 635 861 643 900 642 865 730 921 726 864 812 933 801 
849 543 912 541 836 599 938 593 820 649 964 634 859 644 897 643 862 730 920 723 862 812 932 797 
847 545 909 542 833 600 934 593 816 649 958 632 857 646 894 645 860 731 916 719 860 813 931 791 
845 546 906 544 831 601 931 593 814 649 952 631 855 646 892 645 859 731 909 718 861 813 929 786 
843 548 904 545 829 602 927 593 811 649 945 628 853 648 890 646 858 731 902 716 861 813 926 780 
841 549 901 546 827 603 923 593 808 648 940 629 853 649 888 647 856 732 891 714 861 814 919 776 
841 550 899 546 827 604 920 593 806 648 933 629 851 650 885 648 855 732 881 715 861 814 913 775 
840 550 897 547 827 604 916 593 805 649 926 630 851 650 883 648 854 730 868 713 861 814 900 767 
839 550 894 547 827 604 911 593 803 649 920 630 851 650 881 647 852 727 859 713 861 814 886 770 
838 550 892 547 827 605 908 593 802 649 913 630 850 650 880 647 849 723 852 706 869 800 871 771 
837 551 890 547 827 605 906 593 801 649 908 634 848 652 877 649 846 724 845 697 868 802 854 754 
836 550 886 547 827 605 903 594 802 649 902 638 847 651 875 648 835 719 838 702 865 804 853 761 
835 550 883 547 827 605 899 595 803 650 897 641 845 651 872 648 819 713 832 704 860 803 848 774 
